11110100101111110011101111101110 11110100101100111111100000000000 0000000000000000 1111111111111111 00000001 0000100000000000
00101010100010011100111010101011 00101010100000011101111010010001 1111111111111111 0001110101010111 00000110 0000000000000000
10001010011001111000010000111000 10001010011001101110011101111111 1111111111111111 0000000001111011 00000110 0000000000000000
00101011011000111111011111111111 00101011011000101001000000000000 0000000000000000 0010001111001001 00010001 0000000000000000
11110100101111111000000000000000 11110100101111100110101101111001 1111111111111111 0000000010100001 00000110 1111111111111111
11100100001100001000101111010010 11100100001100001100000110110110 1111111111111111 1111111111111111 00000001 0000100000000000
10001010011001111000010000111000 10001010011011101110101010100000 0000000000000000 1111111111111111 00000001 0000100000000000
10000111101110001100011011111100 10000111101110110000101011000000 0000000000000000 0000000001111011 00010001 0000000000000000
00101011011001011111111111111111 00101011011001111101001011110000 0000000000000000 0010001111001001 00000110 0000000000000000
10010001010110111110010101000111 00101010100000011101111010111110 1111111111111111 0000000100000010 00010001 1111111111111111
10001010011001111101101110110111 10001010011001101110011101111111 0000000000000000 0010001111001001 00010001 0000000000000000
11110100101111110011011010000100 11110100101100111111100011111110 0000000000000000 0000000010100001 00010001 1111111111111111
11100100001101001111101101101001 00101010100010000100110110010111 0000000000000000 0000000000000000 00000001 0000100000000000
11110100101111110011101111101110 11110100101100111111100000000001 1111111111111111 0000000000000000 00000001 0000100000000000
11110100101111110011101111101110 11110100101100111111100000001000 0000000000000000 0000000010100001 00010001 0000000000000000
01111000110011111110111111011101 11100100001100011110001000011000 0000000000000000 0000000001111011 00010001 0000000000000000
10001010011001111111111111111111 10001010011001101110011111110010 0000000000000000 0000010000111000 00010001 0000000000000000
10001010011001111000010000111000 10001010011001010101011010100101 0000000000000000 0000000010100001 00010001 1111111111111111
11110100101111110011011010000100 11110100101111110100101000010000 0000000000000000 0000000010100001 00010001 0000000000000000
10011000111100111000001110011000 10011000111100101001001001011010 0000000000000000 1111111111111111 00000001 0000100000000000
11100100001101001111101101101001 11100100001101010000101110000001 1111111111111111 0000000000000000 01011001 1111111111111111
11100100001101001111101101101001 11100100001101010000101110000001 1111111111111111 0000000000000000 01011001 1111111111111111
00101010100010011101100111011110 00101010100010000100110110010111 0000000000000000 0010001111001001 00010001 0000000000000000
00101010100010011101100111011110 00101010100010000100110110010111 0000000000000000 0010001111001001 00010001 0000000000000000
00101010100010011101100111011110 00101010100010000100110110010111 0000000000000000 0010001111001001 00010001 0000000000000000
00101010100010011101100111011110 00101010100010000100110110010111 0000000000000000 0010001111001001 00010001 0000000000000000
00101010100010011101100111011110 00101010100010000100110110010111 0000000000000000 0010001111001001 00010001 0000000000000000
00101010100010011101100111011110 00101010100010000100110110010111 0000000000000000 0010001111001001 00010001 0000000000000000
00101010100010011101100111011110 00101010100010000100110110010111 0000000000000000 0010001111001001 00010001 0000000000000000
11110100101111110011101111101110 11110100101111000111111011011111 1111111111111111 0010001111001001 00010001 1111111111111111
11110100111111111111111111111111 11110100010111000111100001000000 0000000000000000 0000000000010110 00010001 0000000000000000
11100100001101001111101000000000 11100100001110011101110000110101 1111111111111111 0000010111011100 00000110 0000000000000000
11100100001101001111101101101001 11100100001101010000101110000001 0000000000000000 0000000010100001 00010001 1111111111111111
11110100101111110011101111101101 11110100101111110011101111100000 0000000000000000 0000000000000000 00000001 0000100000000000
11100100001100001000101111010010 11100100001100011110001101000000 1111111111111111 0000000010100001 00000110 1111111111111111
11110100101111110011101111101110 11110100101100111111100000000001 1111111111111111 0000000000000000 00000001 0000100000000000
10000111101110001100011011111111 00101010100010000100011111001011 1111111111111111 0000000010100001 00000110 0000000000000000
10000111101110001100011011111100 00101010100010000100011110000100 1111111111111111 0000000010100001 00010001 1111111111111111
10000111101110001100011011111100 00101010100010000100011110000100 1111111111111111 0000000010100001 00010001 1111111111111111
10000111101110001100011011111100 00101010100010000100011110000100 1111111111111111 0000000010100001 00010001 1111111111111111
10000111101110001100011011111100 00101010100010000100011110000100 1111111111111111 0000000010100001 00010001 1111111111111111
10000111101110001100011011111100 00101010100010000100011110000100 1111111111111111 0000000010100001 00010001 1111111111111111
10000111101110001100011011111100 00101010100010000100011110000100 1111111111111111 0000000010100001 00010001 1111111111111111
10000111101110001100011011111100 00101010100010000100011110000100 1111111111111111 0000000010100001 00010001 1111111111111111
10000111101110001100011011111100 00101010100010000100011110000100 1111111111111111 0000000010100001 00010001 1111111111111111
10000111101110001100011011111100 00101010100010000100011110000100 1111111111111111 0000000010100001 00010001 1111111111111111
10000111101110001100011011111100 00101010100010000100011110000100 1111111111111111 0000000010100001 00010001 1111111111111111
10000111101110001100011011111100 00101010100010000100011110000100 1111111111111111 0000000010100001 00010001 1111111111111111
10000111101110001100011011111100 00101010100010000100011110000100 1111111111111111 0000000010100001 00010001 1111111111111111
10000111101110001100011011111100 00101010100010000100011110000100 1111111111111111 0000000010100001 00010001 1111111111111111
10000111101110001100011011111100 00101010100010000100011110000100 1111111111111111 0000000010100001 00010001 1111111111111111
10000111101110001100011011111100 00101010100010000100011110000100 1111111111111111 0000000010100001 00010001 1111111111111111
10000111101110001100011011111100 00101010100010000100011110000100 1111111111111111 0000000010100001 00010001 1111111111111111
10000111101110001100011011111100 00101010100010000100011110000100 1111111111111111 0000000010100001 00010001 1111111111111111
10000111101110001100011011111100 00101010100010000100011110000100 1111111111111111 0000000010100001 00010001 1111111111111111
10000111101110001100011011111100 00101010100010000100011110000100 1111111111111111 0000000010100001 00010001 1111111111111111
10000111101110001100011011111100 00101010100010000100011110000100 1111111111111111 0000000010100001 00010001 1111111111111111
10000111101110001100011011111100 00101010100010000100011110000100 1111111111111111 0000000010100001 00010001 1111111111111111
10000111101110001100011011111100 00101010100010000100011110000100 1111111111111111 0000000010100001 00010001 1111111111111111
10000111101110001100011011111100 00101010100010000100011110000100 1111111111111111 0000000010100001 00010001 1111111111111111
10000111101110001100011011111100 00101010100010000100011110000100 1111111111111111 0000000010100001 00010001 1111111111111111
10000111101110001100011011111100 00101010100010000100011110000100 1111111111111111 0000000010100001 00010001 1111111111111111
11100100001100001000101111010010 00101010100010000100110110010111 1111111111111111 0010001111001001 00010001 1111111111111111
11100100001100001000101111010010 00101010100010000100110110010111 1111111111111111 0010001111001001 00010001 1111111111111111
11100100001100001000101111010010 00101010100010000100110110010111 1111111111111111 0010001111001001 00010001 1111111111111111
11100100001100001000101111010010 00101010100010000100110110010111 1111111111111111 0010001111001001 00010001 1111111111111111
11100100001100001000101111010010 00101010100010000100110110010111 1111111111111111 0010001111001001 00010001 1111111111111111
11100100001100001000101111010010 00101010100010000100110110010111 1111111111111111 0010001111001001 00010001 1111111111111111
11100100001100001000101111010010 00101010100010000100110110010111 1111111111111111 0010001111001001 00010001 1111111111111111
11100100001100001000101111010010 00101010100010000100110110010111 1111111111111111 0010001111001001 00010001 1111111111111111
11100100001100001000101111010010 00101010100010000100110110010111 1111111111111111 0010001111001001 00010001 1111111111111111
11100100001101001111101101101011 11100100001101010000101110000001 1111111111111111 0000000010100001 00000110 1111111111111111
10011000111100110111110001000000 10011000111100101001001001011110 0000000000000000 0000000000000000 00000001 0000100000000000
10011000111100110111110001000000 10011000111100101001001001011110 0000000000000000 0000000000000000 00000001 0000100000000000
10001010011001111110111110100011 00101010100010000100011110111111 0000000000000000 0000000000010110 00010001 0000000000000000
01111000110011111110000000000000 01111000110011111001010111001111 0000000000000000 0000000010100001 00010001 1111111111111111
10011000111100110111110011111111 10011000111100110010010000000000 0000000000000000 0010001111001001 00000110 0000000000000000
10001010011001111111111111111111 10001010011001101110011101100000 1111111111111111 0000000010100001 00000110 1111111111111111
11110100101111111111111111111111 11110100101111110100101000000111 0000000000000000 0000000010100001 00010001 0000000000000000
11100100001100001000101011111111 11100100001100001100000110011011 1111111111111111 0000000010100001 00000110 1111111111111111
11110100101111111000000000000000 11110100101111110100101000000111 0000000000000000 0000000010100001 00000110 0000000000000000
11100100001101001111101101101010 11100100001101010000101110010000 0000000000000000 0000000000000000 00000001 0000100000000000
00101011011000111111010100111000 00101011011000101001000011100010 0000000000000000 0001010111100000 00010001 1111111111111111
11110100101111110011101111101110 11110100101100111111100000001111 0000000000000000 0000000010100001 00010001 1111111111111111
11100100001101001111101101101001 11100100001101001011000110100000 1111111111111111 0010011100010001 00000110 1111111111111111
11100100001101001111101101101001 11100100001101001011000110100000 1111111111111111 0010011100010001 00000110 1111111111111111
11100100001101001111101101101001 11100100001101001011000110100000 1111111111111111 0010011100010001 00000110 1111111111111111
11100100001101001111101101101001 11100100001101001011000110100000 1111111111111111 0010011100010001 00000110 1111111111111111
10010001010110111110010101000101 10010001010110101110001100000000 1111111111111111 0000000010100001 00010001 1111111111111111
11100100001100001000101111010010 11100100001110011101110001001111 1111111111111111 0000000001010000 00010001 1111111111111111
11100100001101001111101101101001 00101010100010000100110110010111 1111111111111111 0000000010100001 00010001 0000000000000000
11100100001101001111101101101010 11100100001101010000101110000001 0000000000000000 0000000001010000 00000110 1111111111111111
11110100101111110011101111101110 11110100101111100110101101111011 1111111111111111 1111111111111111 00000001 0000100000000000
11110100101111110011101111101110 11110100101111100110101101111011 1111111111111111 1111111111111111 00000001 0000100000000000
00101011011000111111010100111110 00101011011000101001000000110100 0000000000000000 0000000000000000 00000001 0000100000000000
11110100101111110010111111111111 11110100101111110100101000000000 1111111111111111 0000000000010110 00010001 1111111111111111
11110100101111110011101111101100 11110100101100111111100000000010 0000000000000000 0000000000000000 00000001 0000100000000000
11110100101111110011101111101100 11110100101100111111100000000010 0000000000000000 0000000000000000 00000001 0000100000000000
11110100101111110011101111101100 11110100101100111111100000000010 0000000000000000 0000000000000000 00000001 0000100000000000
11110100101111110011101111101100 11110100101100111111100000000010 0000000000000000 0000000000000000 00000001 0000100000000000
10011000111100011111111111111111 10011000111100101001001001000000 0000000000000000 0010001111001001 00000110 0000000000000000
11100100001100001111111111111111 11100100001100011110001101100000 1111111111111111 0001010111100000 00010001 0000000000000000
10001010011001111000010000111000 10001010011001101110011101111111 1111111111111111 0000000001111011 00000110 0000000000000000
00101010100010001111111111111111 00101010100010011110011011100111 0000000000000000 0010011100010011 00000110 0000000000000000
11110100101111110011011010000100 11110100101100111111100011011100 1111111111111111 1111111111111111 00000001 0000100000000000
11100100001100001000101101111111 11100100001100011110001101000000 1111111111111111 0010001111001001 00010001 0000000000000000
11110100101111110011101111101110 11110100101100111111100000000001 1111111111111111 0010001111001001 00000110 1111111111111111
11110100101111101111111111111111 11110100101111000111111011001100 1111111111111111 0000000010100001 00000110 1111111111111111
11110100101111101111111111111111 11110100101111000111111011001100 1111111111111111 0000000010100001 00000110 1111111111111111
01111000110011111110111111011101 01111000110011101111011000011100 1111111111111111 0000000000000000 00000001 0000100000000000
11100100001100001000101111010010 11100100001100011110001101000000 1111111111111111 0001010110100100 00010001 0000000000000000
10000111101110000000000000000000 10000111101110011010001110111111 0000000000000000 0010001111001001 00000110 1111111111111111
00101010100010011101100111011111 00101010100010000100110110010111 1111111111111111 0010001111001001 00010001 1111111111111111
11100100001101001111101101101001 11100100001110011101000101110100 0000000000000000 0000000000000000 00000001 0000100000000000
11110100101111110011101111101110 11110100101111100110101101111000 1111111111111111 0000000000010111 00010001 1111111111111111
11100100001101001111101101101011 11100100001110011101000101110100 0000000000000000 1111111111111111 00000001 0000100000000000
10001010011001111000010000111011 10001010011001111110010111101111 1111111111111111 0010001111001001 00010001 1111111111111111
10011000111100111100000000010010 10011000111100111010011010100100 1111111111111111 0000000010100001 00000110 0000000000000000
01111000110011111110111111011101 11100100001100011110001000111111 0000000000000000 1111111111111111 00000001 0000100000000000
11110100101111110010111111111111 11110100101111110100101000100000 1111111111111111 0000000010100001 00010001 1111111111111111
11110100101111110010111111111111 11110100101111110100101000100000 1111111111111111 0000000010100001 00010001 1111111111111111
11100100001100011111111111111111 11100100001110011101110001100110 1111111111111111 0000000010100001 00010001 1111111111111111
11100100001101001111101101101001 11100100001101001011000111110111 1111111111111111 0000000000010110 00010001 1111111111111111
11100100001101001111101101101001 00101010100010000100110110010111 1111111111111111 0000000010100001 00010001 0000000000000000
11100100001101001111101101101001 00101010100010000100110110010111 0000000000000000 0000110101001001 00010001 0000000000000000
11100100001101001111101101101001 00101010100010000100110110010101 0000000000000000 0000000010100001 00010001 0000000000000000
11110100101111110011011010000100 00101010100010000100110110010100 0000000000000000 0000000001010000 00010001 0000000000000000
00101011011001001100110101111101 00101011011001010011100110010101 1111111111111111 0000000010100001 00010001 0000000000000000
11100100001100001000100000000000 11100100001100001100000110001111 1111111111111111 0000000010100001 00010001 1111111111111111
11100100001100001000101111010010 11100100001100011110001101110100 0000000000000000 1111111111111111 00000001 0000100000000000
11100100001101001111101101101001 11100100001101001111101101101010 1111111111111111 0000010111011110 00000110 1111111111111111
11100100001101001111101101101001 11100100001101010000101110001000 1111111111111111 0000000010100001 00010001 0000000000000000
10001010011001111000010000111000 10001010011001101110011111111111 1111111111111111 0000000000010110 00010001 1111111111111111
00101010100010011101100111011111 00101010100010000100110110010111 1111111111111111 0010001111001001 00010001 0000000000000000
00101010100010011101100111011111 00101010100010000100110110010111 1111111111111111 0010001111001001 00010001 0000000000000000
00101010100010011101100111011111 00101010100010000100110110010111 1111111111111111 0010001111001001 00010001 0000000000000000
00101010100010011101100111011111 00101010100010000100110110010111 1111111111111111 0010001111001001 00010001 0000000000000000
00101010100010011101100111011111 00101010100010000100110110010111 1111111111111111 0010001111001001 00010001 0000000000000000
00101010100010011101100111011111 00101010100010000100110110010111 1111111111111111 0010001111001001 00010001 0000000000000000
00101010100010011101100111011111 00101010100010000100110110010111 1111111111111111 0010001111001001 00010001 0000000000000000
11100100001101011111111111111111 00101010100010000100110110100000 0000000000000000 0000000010100001 00010001 0000000000000000
10010001010110111110010101000100 10010001010110111001000011110101 0000000000000000 0010001111001001 00010001 1111111111111111
10000111101110001000000000000000 10000111101110000000110000111111 1111111111111111 0010001111001001 00000110 0000000000000000
10011000111100011111111111111111 10011000111100000101110010000110 1111111111111111 0001010111100000 00000110 0000000000000000
10011000111100011111111111111111 10011000111100000101110010000110 1111111111111111 0001010111100000 00000110 0000000000000000
10011000111100011111111111111111 10011000111100000101110010000110 1111111111111111 0001010111100000 00000110 0000000000000000
10001010011001111101101101110100 10001010011001101110011101010110 1111111111111111 1111111111111111 00000001 0000100000000000
11110100101111110011101111101100 11110100101111100110101101000111 1111111111111111 0000000000010111 00000110 0000000000000000
00101010100010011101010011100110 00101010100010110100000001101000 1111111111111111 0000000010100001 00000110 0000000000000000
11100100001101000111111111111111 11100100001101010000101110111111 0000000000000000 0000000000010110 00000110 0000000000000000
10000111101110001100011011111100 10000111101110110000101011000000 0000000000000000 0000000001111011 00010001 1111111111111111
01111000110011110000000000000000 11100100001100011110001010111111 1111111111111111 0000000001010000 00010001 0000000000000000
10001010011001111000010000111000 10001010011001010101011010010100 1111111111111111 0000000010100001 00010001 1111111111111111
11100100001100001000101111010010 11100100001100011110001101110000 0000000000000000 1111111111111111 00010001 1111111111111111
11110100101111110011011010000100 11110100101100111111100010011100 0000000000000000 0001010111100000 00010001 0000000000000000
11110100101111110000000000000000 11110100101111100110101101000110 0000000000000000 0000000010100001 00010001 0000000000000000
10001010011001110111111111111111 10001010011001101110011101100000 0000000000000000 1111111111111111 00000001 0000100000000000
10000111101110001100011011111100 10000111101100111100111101001100 0000000000000000 0001010111100000 00010001 1111111111111111
11100100001101001111101101101001 11100100001101010000101110000001 0000000000000000 0010001111001001 00010001 0000000000000000
10000111101110001101111111111111 00101010100010000100011110111111 0000000000000000 0000000001111011 00010001 0000000000000000
11100100001101011111111111111111 11100100001101001011110000010010 1111111111111111 0010011100010001 00000110 0000000000000000
11100100001101011111111111111111 11100100001101001011110000010010 1111111111111111 0010011100010001 00000110 0000000000000000
11100100001101011111111111111111 11100100001101001011110000010010 1111111111111111 0010011100010001 00000110 0000000000000000
11100100001101011111111111111111 11100100001101001011110000010010 1111111111111111 0010011100010001 00000110 0000000000000000
11100100001101011111111111111111 11100100001101001011110000010010 1111111111111111 0010011100010001 00000110 0000000000000000
11100100001101011111111111111111 11100100001101001011110000010010 1111111111111111 0010011100010001 00000110 0000000000000000
11100100001101011111111111111111 11100100001101001011110000010010 1111111111111111 0010011100010001 00000110 0000000000000000
11100100001101011111111111111111 11100100001101001011110000010010 1111111111111111 0010011100010001 00000110 0000000000000000
11100100001101011111111111111111 11100100001101001011110000010010 1111111111111111 0010011100010001 00000110 0000000000000000
11100100001101011111111111111111 11100100001101001011110000010010 1111111111111111 0010011100010001 00000110 0000000000000000
11100100001101011111111111111111 11100100001101001011110000010010 1111111111111111 0010011100010001 00000110 0000000000000000
11100100001101011111111111111111 11100100001101001011110000010010 1111111111111111 0010011100010001 00000110 0000000000000000
11100100001101011111111111111111 11100100001101001011110000010010 1111111111111111 0010011100010001 00000110 0000000000000000
10001010011001110000000000000000 10001010011001101110011101101111 0000000000000000 1111111111111111 00000001 0000100000000000
10001010011001110000000000000000 10001010011001101110011101101111 0000000000000000 1111111111111111 00000001 0000100000000000
11100100001101001111101101101001 11100100001101010000101110000010 0000000000000000 0000000000000000 00000001 0000100000000000
11110100101111110011101111101110 11110100101111000111111011100001 1111111111111111 0000000000000000 00000001 0000100000000000
11100100001101001111101101101001 00101010100010000100110110010101 1111111111111111 0000000010100001 00010001 0000000000000000
11100100001100001000101111010010 11100100001100011110001101110001 1111111111111111 0000000000000000 00000001 0000100000000000
10010001010110111001100011111111 10010001010110111111111100111111 1111111111111111 0010001111001001 00010001 0000000000000000
11100100001101001111101101101001 11100100001110011101110000001101 1111111111111111 1111111111111111 00000001 0000100000000000
10001010011001111101101110110110 10001010011001101110011101111111 0000000000000000 0010001111001001 00010001 1111111111111111
11100100001101001111101101101010 00101010100010000100110110010101 1111111111111111 1111111111111111 00000001 0000100000000000
00101010100010000000000000000000 00101010100010011110011011100111 1111111111111111 0010011100010011 00000110 1111111111111111
00101010100010000000000000000000 00101010100010011110011011100111 1111111111111111 0010011100010011 00000110 1111111111111111
00101010100010000000000000000000 00101010100010011110011011100111 1111111111111111 0010011100010011 00000110 1111111111111111
00101010100010000000000000000000 00101010100010011110011011100111 1111111111111111 0010011100010011 00000110 1111111111111111
00101011011001001001010001111111 00101011011001001101110101100111 0000000000000000 0000010111011110 00000110 1111111111111111
10010001010110110111111111111111 10010001010110101110001100000110 1111111111111111 0010011100010011 00000110 0000000000000000
10000111101110001100011011111100 00101010100010110100000000110001 0000000000000000 0000010000000000 00010001 0000000000000000
11100100001101001101111111111111 00101010100010000100110110010111 0000000000000000 0000000100000010 00010001 1111111111111111
11100100001101001101111111111111 00101010100010000100110110010111 0000000000000000 0000000100000010 00010001 1111111111111111
11100100001101001111110000000000 00101010100010000100110110010101 0000000000000000 0000000010100001 00010001 1111111111111111
11100100001101001111101101101011 11100100001101010000101110000001 1111111111111111 0000000001010000 00000110 0000000000000000
11110100101111110011101111101100 11110100101100111111100000001111 1111111111111111 0000010000000000 00010001 0000000000000000
00101011011001001000001000000000 00101011011001001101001100001110 1111111111111111 0000000010100001 00000110 0000000000000000
11100100001101001111101101101010 11100100001101101111110111110000 0000000000000000 0000000010100001 00010001 0000000000000000
00101011011000110000000000000000 00101011011011101101000100010100 1111111111111111 0010011100010001 00000110 0000000000000000
10000111101110010000000000000000 10000111101110001000110000000010 0000000000000000 0000010111011100 00000110 0000000000000000
11100100001101001111101101101001 00101010100010000100110110010111 1111111111111111 0000000001010000 00010001 0000000000000000
10001010011001111000010000111010 10001010011001101110011111000100 0000000000000000 0000000000000000 00000001 0000100000000000
10001010011001111000010000111010 10001010011001101110011111000100 0000000000000000 0000000000000000 00000001 0000100000000000
11110100101111110011101111101011 11110100101111000111111011001101 0000000000000000 0000000010100001 00010001 1111111111111111
11100100001100001000101111010010 00101010100010000100110110010111 0000000000000000 0000000001010000 00010001 1111111111111111
10000111101110001000000000000000 10000111101110011010001111111111 1111111111111111 0001010111100000 00000110 1111111111111111
10001010011001111000010000111000 10001010011001101110011101111111 0000000000000000 0000000001111011 00000110 1111111111111111
11110100101111110011101111101101 11110100101111110100101000100000 0000000000000000 0000000000000000 00000001 0000100000000000
00101011011001001001010001001011 11100100001100011110001101110111 0000000000000000 0001001110001000 00000110 0000000000000000
11100100001101001111101101101011 11100100001110011101000101110100 1111111111111111 1111111111111111 00000001 0000100000000000
10011000111100011000101101010101 10011000111100000101110010010111 1111111111111111 0000000000000000 00000001 0000100000000000
00101011011001001001010001001011 11100100001100011110001101110111 0000000000000000 0001001110001000 00000110 1111111111111111
11100100001101001111101101101001 11100100001101010000101110000001 0000000000000000 0010001111001001 00010001 0000000000000000
11100100001101001111101101101011 11100100001101010000101110000001 1111111111111111 0000000001010000 00000110 1111111111111111
10011000111100111100000000010010 10011000111100111010011010100100 1111111111111111 0000000010100001 00000110 0000000000000000
10001010011001111000010000111111 00101010100010000100110110010111 1111111111111111 1111111111111111 00000001 0000100000000000
11100100001100001000101101111111 11100100001100011110001101011111 1111111111111111 0010001111001001 00010001 0000000000000000
11100100001100001000101101111111 11100100001100011110001101011111 1111111111111111 0010001111001001 00010001 0000000000000000
11110100101111100000000000000000 11110100101111000111111011001100 1111111111111111 0000000010100001 00000110 0000000000000000
00101010100010000000000000000000 00101010100010011110011011100111 1111111111111111 0010011100010001 00000110 1111111111111111
11100100001100001000101111010000 11100100001100011110001101110011 0000000000000000 0010001111001001 00000110 1111111111111111
11100100001100001000101111010000 11100100001100011110001101110000 1111111111111111 0000000010100001 00010001 0000000000000000
11110100101111110011011010000100 00101010100010000100110110010111 0000000000000000 0100111000100000 00000110 0000000000000000
11110100101111110011011010000100 00101010100010000100110110010111 0000000000000000 0100111000100000 00000110 0000000000000000
11110100101111110011011010000100 00101010100010000100110110010111 0000000000000000 0100111000100000 00000110 0000000000000000
11110100101111110011011010000100 00101010100010000100110110010111 0000000000000000 0100111000100000 00000110 0000000000000000
11100100001101001111101101101011 11100100001101010000101110010000 1111111111111111 1111111111111111 00010001 0000000000000000
01111000110011111110111111011101 01111000110011111001010111111101 1111111111111111 0001010111100000 00010001 0000000000000000
10001010011001111000010000111000 10001010011011101110101010100000 0000000000000000 0000000000000000 00000001 0000100000000000
10011000111100111000001110011000 10011000111100101001001001000000 0000000000000000 0000000001111011 00010001 0000000000000000
11100100000000000000000000000000 11100100110010111000101000001100 0000000000000000 0000000010100001 00000110 0000000000000000
00101011011001001000001000000000 00101011011001001101001100001110 0000000000000000 0000000010100001 00000110 0000000000000000
11110100101111110011101111101110 11110100101111100110101101000111 0000000000000000 1111111111111111 00000001 0000100000000000
11100100001101001111101101101010 11100100001101010000101110111111 1111111111111111 1111111111111111 00010001 1111111111111111
10010001010110111001100001000000 10010001010110111111111100010011 0000000000000000 1111111111111111 00000001 0000100000000000
11100100001101001111101101101001 11100100001110011101110000101010 0000000000000000 0000000010100001 00010001 0000000000000000
00101010100010011000000000000000 00101010100010110100000000011111 1111111111111111 0000000010100001 00000110 1111111111111111
11110100101111110011101111101110 11110100101111000111111011000000 1111111111111111 0010001111001001 00010001 0000000000000000
11100100001100001000101111010010 11100100001100011110001101111111 0000000000000000 0000000010100001 00000110 1111111111111111
11100100001100001000101111010010 11100100001100011110001101111111 0000000000000000 0000000010100001 00000110 1111111111111111
10001010011001110000000000000000 10001010011001101110011101100000 1111111111111111 0000000000000000 00000001 0000100000000000
11110100101111110011101111101011 11110100101111000111111011001101 0000000000000000 0000000010100001 00010001 1111111111111111
11100100001100001000101100000000 11100100001100011110001101011111 0000000000000000 0010001111001001 00010001 0000000000000000
11110100101111111000000000000000 11110100101100111111100011101010 0000000000000000 0010001111001001 00010001 0000000000000000
10001010011001111000010000111000 00101010100010000100110110010111 1111111111111111 0000000000010110 00010001 0000000000000000
11110100101111110011101111101110 00101010100010000100110110010111 0000000000000000 0000000010100001 00000110 0000000000000000
00101010100010011101010011100110 00101010100010000100110110010111 0000000000000000 0000010111011100 00000110 0000000000000000
11110100101111110011011010000100 11110100101100111111100011111110 0000000000000000 0000000010100001 00010001 0000000000000000
11110100101111110011011010000100 11110100101100111111100011111110 0000000000000000 0000000010100001 00010001 0000000000000000
11100100000000000000000000000000 11100100110010111000101000001101 1111111111111111 0000000010100001 00000110 1111111111111111
10010001010110111001101111111111 10010001010110111111111100101111 0000000000000000 0010001111001001 00010001 1111111111111111
10010001010110111001101111111111 10010001010110111111111100101111 0000000000000000 0010001111001001 00010001 1111111111111111
10010001010110111001101111111111 10010001010110111111111100101111 0000000000000000 0010001111001001 00010001 1111111111111111
10010001010110111001101111111111 10010001010110111111111100101111 0000000000000000 0010001111001001 00010001 1111111111111111
10010001010110111001101111111111 10010001010110111111111100101111 0000000000000000 0010001111001001 00010001 1111111111111111
10010001010110111001101111111111 10010001010110111111111100101111 0000000000000000 0010001111001001 00010001 1111111111111111
10010001010110111001101111111111 10010001010110111111111100101111 0000000000000000 0010001111001001 00010001 1111111111111111
10010001010110111001101111111111 10010001010110111111111100101111 0000000000000000 0010001111001001 00010001 1111111111111111
10010001010110111001101111111111 10010001010110111111111100101111 0000000000000000 0010001111001001 00010001 1111111111111111
10010001010110111001101111111111 10010001010110111111111100101111 0000000000000000 0010001111001001 00010001 1111111111111111
11100100001101001111101101011111 11100100001101010000101110000001 0000000000000000 1111111111111111 00000001 0000100000000000
11110100101111110001111111111111 11110100101100111111100011011111 1111111111111111 0000000010100001 00000110 1111111111111111
11100100001101001111101101101001 11100100001110011101110000001100 1111111111111111 0000000000000000 00000001 0000100000000000
00101010100010011100111010101000 00101010100010110100000001111111 0000000000000000 0010011100010011 00000110 1111111111111111
00101010100010011100111010101000 00101010100010110100000001111111 0000000000000000 0010011100010011 00000110 1111111111111111
00101010100010011100111010101000 00101010100010110100000001111111 0000000000000000 0010011100010011 00000110 1111111111111111
11100100001100001000101111010010 11100100001110011101110001000000 0000000000000000 1111111111111111 00000001 0000100000000000
11100100001100000111111111111111 11100100001100011110001101011111 1111111111111111 0010001111001001 00000110 1111111111111111
11100100001100000111111111111111 11100100001100011110001101011111 1111111111111111 0010001111001001 00000110 1111111111111111
11100100001100000111111111111111 11100100001100011110001101011111 1111111111111111 0010001111001001 00000110 1111111111111111
11100100001101001111101101101001 11100100001101010000101110000010 1111111111111111 1111111111111111 00000001 0000100000000000
11100100001101001111101101101001 11100100001101010000101110000010 1111111111111111 1111111111111111 00000001 0000100000000000
00101011011000111111011111111111 11100100001100011110001010011001 0000000000000000 0000010111011110 00000110 0000000000000000
00101011011000111111011111111111 11100100001100011110001010011001 0000000000000000 0000010111011110 00000110 0000000000000000
00101011011000111111011111111111 11100100001100011110001010011001 0000000000000000 0000010111011110 00000110 0000000000000000
00101011011000111111011111111111 11100100001100011110001010011001 0000000000000000 0000010111011110 00000110 0000000000000000
00101011011000111111011111111111 11100100001100011110001010011001 0000000000000000 0000010111011110 00000110 0000000000000000
00101011011000111111011111111111 11100100001100011110001010011001 0000000000000000 0000010111011110 00000110 0000000000000000
00101011011000111111011111111111 11100100001100011110001010011001 0000000000000000 0000010111011110 00000110 0000000000000000
00101011011000111111011111111111 11100100001100011110001010011001 0000000000000000 0000010111011110 00000110 0000000000000000
11100100001100001010000000000000 11100100001100111010101100100011 0000000000000000 0000010111011100 00000110 0000000000000000
11100100001101001111101101101001 11100100001101010000101110000010 0000000000000000 1111111111111111 00000001 0000100000000000
11100100001100001000101111010000 11100100001100001100000110000000 0000000000000000 0000000000000000 01011001 1111111111111111
11110100101111110011101111101101 11110100101111100110101111011110 1111111111111111 1111111111111111 00000001 0000100000000000
10000111101110011110111111111111 10000111101100111100111111110111 0000000000000000 0000000010100001 00010001 0000000000000000
01111000110011111110111111011111 11100100001100011110001000011010 0000000000000000 0010001111001001 00010001 0000000000000000
01111000110011111110111111011110 01111000110011111001010111000000 1111111111111111 0000000000010101 00010001 0000000000000000
10010001010110111001101000000000 10010001010110111001100001011000 0000000000000000 0000000001111011 00000110 0000000000000000
10001010011001111101101110100000 10001010011001101110011101000000 0000000000000000 1111111111111111 00010001 1111111111111111
10010001010110111001110000000000 10010001010110101110001100110110 1111111111111111 0000000010100001 00010001 1111111111111111
10001010011001111000010000111011 10001010011001111110010111101110 1111111111111111 0010001111001001 00010001 0000000000000000
11110100101111110011011010000110 11110100101100111111100010011100 1111111111111111 0100111000100000 00010001 1111111111111111
11110100101111110011101111101011 11110100101111000111111011111100 0000000000000000 1111111111111111 00010001 0000000000000000
11110100101111110011101111101011 11110100101111000111111011111100 0000000000000000 1111111111111111 00010001 0000000000000000
11110100101111110011101111101011 11110100101111000111111011111100 0000000000000000 1111111111111111 00010001 0000000000000000
10001010011001111000010000111000 10001010011001101110011111000000 0000000000000000 0000000010100001 00010001 1111111111111111
11100100001101001111101101101001 11100100001101010000101110000001 0000000000000000 0000000000000000 00000001 0000100000000000
10001010011001111000010000111000 10001010011001101110011101111111 0000000000000000 0000000001111011 00000110 0000000000000000
11100100001100001011111111111111 11100100001100001100000110101111 1111111111111111 0000000000010111 00000110 0000000000000000
11100100001101001111101100000000 00101010100010000100110110010111 1111111111111111 0000010111011100 00000110 1111111111111111
10011000111100001111111111111111 00101010100000011101111010100000 0000000000000000 0010001111001001 00010001 0000000000000000
10001010011001111000010000111000 10001010011001101110011101111111 0000000000000000 0000000001111011 00000110 1111111111111111
11100100001101001011111111111111 11100100001101010000101110000001 0000000000000000 0001001110001000 00000110 1111111111111111
11100100001100001000101111010010 11100100001110011101110001100000 0000000000000000 1111111111111111 00010001 1111111111111111
10011000111100111000001110011000 10011000111100101001001001010111 0000000000000000 0000011001101110 00010001 1111111111111111
11100100001101001111101101101001 11100100001101001011000110100000 1111111111111111 0010011100010001 00000110 1111111111111111
11100100001100001111111111111111 11100100001100111010101100010011 1111111111111111 1001110111010000 00010001 1111111111111111
10011000000000000000000000000000 10011001110101010100100010010110 0000000000000000 0010011100010011 00000110 0000000000000000
10000111101110001100011011111100 10000111101110001000110000111001 1111111111111111 0000000000000000 01011001 1111111111111111
10000111101110011101111111111111 10000111101110011010001101111111 0000000000000000 0001010101111100 00000110 1111111111111111
11110100101111110011011010000100 00101010100010000100110110010100 0000000000000000 0000000000000000 00000001 0000100000000000
00101010100010011101010011100110 00101010100010000100110110010111 1111111111111111 0000010111011100 00000110 0000000000000000
11110100101111110011101111101000 00101010100010000100110110010111 0000000000000000 0000000000010110 00010001 1111111111111111
10001010011001111000010000111000 10001010011001101110011111111101 0000000000000000 0010011100010011 00000110 1111111111111111
11100100001101010000000000000000 11100100001101101111110100011111 0000000000000000 0001010111100000 00010001 1111111111111111
00101010100010011100111010101011 00101010100010000100110110010111 0000000000000000 0000000010100001 00000110 0000000000000000
11100100001100001000101111010100 11100100001110011101110001100110 1111111111111111 0000000000000000 00000001 0000100000000000
10001010011001111000010000111011 10001010011001111110010111011111 1111111111111111 0000000010100001 00010001 1111111111111111
11100100001101010000000000000000 11100100001101001011110000000000 1111111111111111 0000000110111011 00010001 0000000000000000
11100100001100001000101111010010 00101010100010000100110110010111 0000000000000000 0000000010100001 00010001 0000000000000000
11100100001100001000101111010010 00101010100010000100110110010111 0000000000000000 0000000010100001 00010001 0000000000000000
11100100001100001000101111010010 11100100001110011101110001100000 1111111111111111 0001010111100000 00000110 1111111111111111
10011000111100000000000000000000 10011000111100101001001001000000 1111111111111111 0010001111001001 00000110 1111111111111111
11100100001100001000101111010010 11100100001100011110001101101111 1111111111111111 0000000010100001 00010001 0000000000000000
00101010100010011101100011111111 11100100001100011110001101101111 0000000000000000 0000000010100001 00010001 0000000000000000
01111000110011111110111111011111 11100100001100011110001000011010 1111111111111111 0010001111001001 00010001 0000000000000000
11100100001101000111111111111111 11100100001101010000101110111111 0000000000000000 0010001111001001 00010001 0000000000000000
00101011011000111111010100111110 00101011011000101001000000110100 1111111111111111 1111111111111111 00000001 0000100000000000
01111000110011111110111111011101 01111000110011101111011101010101 1111111111111111 0000000000000000 00000001 0000100000000000
00101011011001001001010001001011 11100100001100011110001101110111 0000000000000000 0001001110001000 00000110 1111111111111111
11110100101111110011101111101110 11110100101111000111111011111001 1111111111111111 0000000001111011 00000110 0000000000000000
11100100001100001000101111010010 11100100001110011101110001100000 1111111111111111 1111111111111111 00010001 1111111111111111
10001010011001111111111111111111 10001010011001101110101101110000 1111111111111111 0000000010100001 00010001 0000000000000000
11100100001100001000101111000000 11100100001100011110001101110101 1111111111111111 0000000000000000 00000001 0000100000000000
10001010011001111101101110110110 10001010011001101110011101111111 0000000000000000 0010001111001001 00010001 0000000000000000
11100100001100001000101000000000 11100100001100001100000110011011 0000000000000000 0000000010100001 00000110 0000000000000000
10011000111100011000101101010101 10011000111100011101001100111100 1111111111111111 0010001111001001 00010001 0000000000000000
11100100001100001000101111010010 11100100001110011101110001001111 1111111111111111 0000000001010000 00010001 1111111111111111
11100100001100001000101111010010 11100100001110011101110001001111 1111111111111111 0000000001010000 00010001 1111111111111111
11110100101111110011101111101110 11110100101111100110101101111010 0000000000000000 1111111111111111 00000001 0000100000000000
11100101111111111111111111111111 11100110011110001000100001011011 0000000000000000 0000010111011110 00000110 1111111111111111
11110100101111100000000000000000 00101010100010000100110110001111 0000000000000000 0000000010100001 00000110 1111111111111111
01111000110011111110111111011111 01111000110011111001010111101111 1111111111111111 0001010111100000 00010001 1111111111111111
01111000110011111110111111011111 01111000110011111001010111101111 1111111111111111 0001010111100000 00010001 1111111111111111
10011000111100011011001010000000 10011000111100000101110010100000 1111111111111111 0010001111001001 00000110 0000000000000000
10011000111100110111110000000100 10011000111100101001001001001011 1111111111111111 0000000010100001 00000110 0000000000000000
11100100001100001000101111010010 11100100001110011101110001100111 1111111111111111 1111111111111111 00000001 0000100000000000
10011000111100010100001001111001 10011000111100101001001001001011 0000000000000000 1111111111111111 00000001 0000100000000000
11100100001101000111111111111111 11100100001101010000101110100000 1111111111111111 0000000000010110 00000110 0000000000000000
11100100001101001111101101101001 11100100001110011101110000000000 1111111111111111 0001010100011101 00010001 1111111111111111
11110100101111110011101111101110 11110100101111110100101000010000 0000000000000000 0001010111100000 00010001 1111111111111111
11110100101111110111111111111111 00101010100010000100110110100000 1111111111111111 0000000010100001 00000110 0000000000000000
11100100001100001000101111010001 11100100001110011101110001111111 1111111111111111 0000000010100001 00000110 1111111111111111
00101010100010011101010011100110 00101010100010000100110110010111 1111111111111111 0000010111011100 00000110 0000000000000000
11100100001101001111101101101001 11100100001101010000101110000011 1111111111111111 0000000010100001 00010001 1111111111111111
00101010100010011100111010101011 00101010100000011101111010010001 0000000000000000 0001110101010111 00000110 0000000000000000
11110100101111111000000000000000 11110100101111100110101101111001 1111111111111111 0000000010100001 00000110 0000000000000000
11100100001101001111101101101001 11100100001110011101110000001100 0000000000000000 1111111111111111 00000001 0000100000000000
10001010011001111000010000111010 10001010011001111110010111011111 0000000000000000 0000000010100001 00010001 0000000000000000
11100100001101001111101101101001 11100100001101010000101110000001 0000000000000000 0000000000000000 00000001 0000100000000000
01111000000000000000000000000000 01111001110111001001011110100110 1111111111111111 0000000000010110 00010001 0000000000000000
10010001010110111001100010000000 10010001010110111111111100000000 1111111111111111 0010001111001001 00010001 1111111111111111
11100100001101001111101101101001 11100100001101001011000110110111 0000000000000000 0010011100010011 00000110 0000000000000000
10001010011001111000010000111000 10001010011001101110011111000000 1111111111111111 0000000010100001 00010001 1111111111111111
11100100001100001000101111010010 11100100001110011101110001111111 1111111111111111 0001010111100000 00000110 0000000000000000
11100100001100001111111111111111 11100100001100011110001101100000 1111111111111111 0001010111100000 00010001 0000000000000000
11100100001100001111111111111111 11100100001100011110001101100000 1111111111111111 0001010111100000 00010001 0000000000000000
11100100001100001111111111111111 11100100001100011110001101100000 1111111111111111 0001010111100000 00010001 0000000000000000
11100100011111111111111111111111 11100100110010111000101000001101 0000000000000000 0000000010100001 00000110 0000000000000000
11100100011111111111111111111111 11100100110010111000101000001101 0000000000000000 0000000010100001 00000110 0000000000000000
11100100011111111111111111111111 11100100110010111000101000001101 0000000000000000 0000000010100001 00000110 0000000000000000
11100100011111111111111111111111 11100100110010111000101000001101 0000000000000000 0000000010100001 00000110 0000000000000000
11100100011111111111111111111111 11100100110010111000101000001101 0000000000000000 0000000010100001 00000110 0000000000000000
11100100011111111111111111111111 11100100110010111000101000001101 0000000000000000 0000000010100001 00000110 0000000000000000
11100100011111111111111111111111 11100100110010111000101000001101 0000000000000000 0000000010100001 00000110 0000000000000000
11100100001101001111101101101001 11100100001101010000101110011111 0000000000000000 0000110000111100 00000110 0000000000000000
11100100001101001111101101101001 00101010100010000100110110010000 0000000000000000 0000000010100001 00000110 1111111111111111
00101010000000000000000000000000 00101001110001010101100101010100 0000000000000000 0000000010100001 00010001 1111111111111111
11110100101111110011101111101110 11110100101111110100101000000110 0000000000000000 0000000000000000 00000001 0000100000000000
11100100001101010000000000000000 11100100001101101111110100011111 1111111111111111 0001010111100000 00010001 0000000000000000
11110100101111110011101111101101 11110100101111110100101000000111 0000000000000000 1111111111111111 00000001 0000100000000000
11100100001101001111101101101001 11100100001101001011000110111111 0000000000000000 0010011100010011 00000110 1111111111111111
10000111101110001100011011111100 10000111000110100111001000000101 1111111111111111 0000000010100001 00010001 0000000000000000
11100100001100001000101111010000 11100100001100011110001101110110 1111111111111111 0000000010100001 00000110 1111111111111111
11110100101111110011101111101110 11110100101111100110101101000111 1111111111111111 0000000000000000 00000001 0000100000000000
11100100001101001111101100000000 00101010100010000100110110010111 0000000000000000 0000010111011100 00000110 1111111111111111
00101011011001001001010001001011 00101011011001001101110101000101 1111111111111111 0000000000000000 00000001 0000100000000000
11110100101111110011101111101110 11110100101111100110101101000111 1111111111111111 0000000001111011 00010001 0000000000000000
10000111101110001101000000000000 00101010100010000100011110100000 0000000000000000 0000000001111011 00010001 0000000000000000
10000111101110011100000000000000 10000111101110011010001101111111 0000000000000000 0001010101111100 00000110 0000000000000000
10000111101110011100000000000000 10000111101110011010001101111111 0000000000000000 0001010101111100 00000110 0000000000000000
11100100001101001111101101101001 11100100001101001011000111110111 1111111111111111 0000000000010110 00010001 0000000000000000
10010001010110111111111111111111 00101010100000011101111010101111 0000000000000000 0010001111001001 00000110 0000000000000000
11100100001101001111101101101001 00101010100010000100110110010111 1111111111111111 0000000010100001 00010001 1111111111111111
11100100001100001000101111010010 00101010100010000100110110010111 1111111111111111 0000000010100001 00010001 0000000000000000
11100100001100001000101111010010 00101010100010000100110110010111 1111111111111111 0000000010100001 00010001 0000000000000000
11100100001101010000000000000000 11100100001101001011110000000000 1111111111111111 0000000110111011 00010001 0000000000000000
11110100101111110011001111111111 11110100101111100110101111001111 0000000000000000 0000000110111011 00000110 1111111111111111
11110100101111110011101111101110 11110100101100111111100000000100 1111111111111111 1111111111111111 00010001 0000000000000000
10001010011001110000000000000000 10001010011001101110011101100000 1111111111111111 0000000010100001 00000110 0000000000000000
10001010011001110000000000000000 10001010011001101110011101100000 1111111111111111 0000000010100001 00000110 0000000000000000
10001010011001110000000000000000 10001010011001101110011101100000 1111111111111111 0000000010100001 00000110 0000000000000000
10001010011001110000000000000000 10001010011001101110011101100000 1111111111111111 0000000010100001 00000110 0000000000000000
10001010011001111110111110100011 10001010011001101110011101010111 1111111111111111 0000000010100001 00000110 1111111111111111
11100100001100001000101111010010 11100100001110011101110001100111 0000000000000000 0000000000000000 00000001 0000100000000000
01111000110011111110111111011110 01111000110011101111011000000000 0000000000000000 0000000010100001 00000110 0000000000000000
10001010011001111000010000111011 10001010011001111110010111011111 1111111111111111 0000000010100001 00010001 1111111111111111
11100100001100001000101111010001 11100100001100001100000110110110 1111111111111111 0000000000000000 00000001 0000100000000000
00101010100010011011111111111111 00101010100010011110011011100111 0000000000000000 0000000000010110 00000110 0000000000000000
10011000111100111100000000010010 10011000111100111010011010100100 0000000000000000 0000000010100001 00000110 0000000000000000
11100100001100001000101011111111 11100100001100001100000110011011 0000000000000000 0000000010100001 00000110 0000000000000000
11100100001100000000000000000000 11100100001100011110001101011111 0000000000000000 0010001111001001 00000110 0000000000000000
11110100101111110011101111101110 11110100101100111111100000000011 1111111111111111 0000011011011011 00000110 1111111111111111
11110100101111110011101111101110 11110100101100111111100000000011 1111111111111111 0000011011011011 00000110 1111111111111111
11110100101111110011101111101110 11110100101100111111100000000011 1111111111111111 0000011011011011 00000110 1111111111111111
11110100101111110011101111101110 11110100101100111111100000000011 1111111111111111 0000011011011011 00000110 1111111111111111
11110100101111110011101111101110 11110100101100111111100000000011 1111111111111111 0000011011011011 00000110 1111111111111111
11110100101111110011101111101110 11110100101100111111100000000011 1111111111111111 0000011011011011 00000110 1111111111111111
11110100101111110011101111101110 11110100101100111111100000000011 1111111111111111 0000011011011011 00000110 1111111111111111
11110100101111110011101111101110 11110100101100111111100000000011 1111111111111111 0000011011011011 00000110 1111111111111111
10000111101110001100011011111110 00101010100010000100011111001011 0000000000000000 0000000010100001 00000110 0000000000000000
00101011011000111011111111111111 00101011011000111100001101100111 0000000000000000 0000000010100001 00000110 0000000000000000
00101011011000111011111111111111 00101011011000111100001101100111 0000000000000000 0000000010100001 00000110 0000000000000000
10001010011001111000010000111111 00101010100010000100110110010111 0000000000000000 0000000000000000 00000001 0000100000000000
11100100001101011111111111111111 11100100001101001011000111000000 1111111111111111 0010001111001001 00010001 0000000000000000
11110100000000000000000000000000 11110101011101100100101111111011 0000000000000000 0000000010100001 00010001 1111111111111111
11100100001101001111101101101011 11100100001101010000101110000001 0000000000000000 0000000000000000 00000001 0000100000000000
10011000111100001111111111111111 00101010100000011101111010100000 1111111111111111 0010001111001001 00010001 1111111111111111
11110100101111110011101111101100 00101010100010000100110110011111 0000000000000000 0000000001111011 00010001 1111111111111111
10000111101110001100011011111100 10000111101110011010001101010110 0000000000000000 0000000010100001 00010001 1111111111111111
01111000110011111110000000000000 01111000110011000010111100100111 1111111111111111 0000000010100001 00000110 1111111111111111
01111000110011111110000000000000 01111000110011000010111100100111 1111111111111111 0000000010100001 00000110 1111111111111111
11110100101111110011101111101110 11110100101111100110101101000111 0000000000000000 0000000000000000 00000001 0000100000000000
10000111101110001111111111111111 10000111101110011010001110000000 0000000000000000 0000000000010111 00010001 1111111111111111
10000111101110001111111111111111 10000111101110011010001110000000 0000000000000000 0000000000010111 00010001 1111111111111111
10000111101110001111111111111111 10000111101110011010001110000000 0000000000000000 0000000000010111 00010001 1111111111111111
10000111101110001111111111111111 10000111101110011010001110000000 0000000000000000 0000000000010111 00010001 1111111111111111
10000111101110001111111111111111 10000111101110011010001110000000 0000000000000000 0000000000010111 00010001 1111111111111111
10001010011001111000010000111000 10001010011001010101011010100101 0000000000000000 0000000010100001 00010001 0000000000000000
00101011011001001001011111111111 00101011011001010011100101100111 0000000000000000 0000000000010110 00010001 0000000000000000
11100100001100001000101111010010 11100100001100011110001101110110 0000000000000000 1111111111111111 00000001 0000100000000000
11100100001100001000101111010010 11100100001100011110001101110110 0000000000000000 1111111111111111 00000001 0000100000000000
11110100101111111000000000000000 00101010100010000100110110111111 0000000000000000 0000000001010000 00010001 0000000000000000
11110100101111111000000000000000 00101010100010000100110110111111 0000000000000000 0000000001010000 00010001 0000000000000000
11110100101111111000000000000000 00101010100010000100110110111111 0000000000000000 0000000001010000 00010001 0000000000000000
11110100101111111000000000000000 00101010100010000100110110111111 0000000000000000 0000000001010000 00010001 0000000000000000
11110100101111111000000000000000 00101010100010000100110110111111 0000000000000000 0000000001010000 00010001 0000000000000000
11110100101111111000000000000000 00101010100010000100110110111111 0000000000000000 0000000001010000 00010001 0000000000000000
11110100101111111000000000000000 00101010100010000100110110111111 0000000000000000 0000000001010000 00010001 0000000000000000
11110100101111111000000000000000 00101010100010000100110110111111 0000000000000000 0000000001010000 00010001 0000000000000000
11100100001100001000101111010010 11100100001100001100000110110110 1111111111111111 1111111111111111 00000001 0000100000000000
11110100101111110011011010000100 00101010100010000100110110010111 1111111111111111 1111111111111111 00000001 0000100000000000
00101011011001001100110000000000 11100100001100011110001010010000 0000000000000000 0000000010100001 00000110 1111111111111111
11100100001101001111101101101010 11100100001101001011000111100010 1111111111111111 0000000010100001 00010001 0000000000000000
11100100001100001000101011111111 00101010100010000100110110111111 1111111111111111 0000011011011011 00010001 1111111111111111
11110100101111110011101111101000 00101010100010000100110110010111 1111111111111111 0000000000010110 00010001 0000000000000000
11100100001101001111101101101001 11100100001101001011000111110110 0000000000000000 0000000000000000 00000001 0000100000000000
11110100101111011111111111111111 11110100101100111111100011010000 1111111111111111 0010001111001001 00010001 1111111111111111
10010001010110111001101111111111 10010001010110111111111100100000 0000000000000000 0010001111001001 00010001 1111111111111111
11100101111111111111111111111111 11100110011110001000100001011011 0000000000000000 0000010111011100 00000110 0000000000000000
00101010100010011101100000000000 11100100001100011110001101100000 1111111111111111 0000000010100001 00010001 1111111111111111
11110100101111110011101111101000 11110100101111000111111011001101 1111111111111111 0000000010100001 00010001 1111111111111111
11100100001101001111101111111111 11100100001101001011000110111010 1111111111111111 0000000010100001 00000110 1111111111111111
11100100001100001000101111010010 11100100001100011110001101100000 1111111111111111 0000000010100001 00010001 1111111111111111
11100100001100001000101111010010 11100100001100011110001101110110 0000000000000000 0000000010100001 00010001 0000000000000000
10000111101110001100011011111100 10000111101110110000101011000000 0000000000000000 0000000001111011 00010001 1111111111111111
11110100101111101111111111111111 11110100101111110100101000000101 1111111111111111 0000000110111011 00000110 0000000000000000
11110100101111111000000000000000 11110100101111110100101000000110 0000000000000000 0000000010100001 00010001 0000000000000000
11110100101111110011101111101110 11110100101111000111111011100011 1111111111111111 0000000000010110 00000110 1111111111111111
11100100001100001000100111111111 11100100001110011101110001111111 1111111111111111 0000000010100001 00010001 0000000000000000
11110100101111110011101111101110 11110100101111000111111011011111 0000000000000000 0010001111001001 00010001 0000000000000000
00101010100010011100111010101011 00101010100000011101111010010000 1111111111111111 0000000000010111 00010001 1111111111111111
11100100001100001010000000000000 11100100001100001100000110101111 1111111111111111 0000000000010111 00000110 1111111111111111
11110100101111110011100000000000 11110100101111110100101000000100 0000000000000000 0001110101010111 00010001 0000000000000000
11110100101111110011011010000100 00101010100010000100110110010101 0000000000000000 0000000001010000 00010001 1111111111111111
11110100101111110011011010000100 00101010100010000100110110010101 0000000000000000 0000000001010000 00010001 1111111111111111
