11111111111111111111111111111111 00001100011101110100101111100101 0000000000000000 0000000110111011 00000110 0000001000000000
11111000011111000000000000000000 00000000000000000000000000000000 1111111111111111 1111111111111111 00000110 0000001000000000
11111111111111111111111111111111 00001100011101110100111011011011 0000000000000000 0001110111100000 00010001 1111111111111111
11100001011000101110011111111111 11100001011000101110111011111111 1111111111111111 0000000001010000 00000110 0000001000000000
11111111111111111111111111111111 00001100011101110100101111100111 0000000000000000 0000000001010000 00000110 0000001000000000
00000000000000000000000000000000 00001100011101110100111011001000 0000000000000000 0000000000110101 00010001 0000000000000000
00000000000000000000000000000000 00001100011101110100111001110110 0000000000000000 0000001000100000 00000110 0000001000000000
11100001011000101110110000010110 11111111111111111111111111111111 0000000000000000 1111111111111111 00000001 0000100000000000
00000000000000000000000000000000 00001100011101110100101110011111 0000000000000000 0000000000110101 00010001 0000000000000000
00000000000000000000000000000000 00001100011101110100101110011111 0000000000000000 0000000000110101 00010001 0000000000000000
00000000000000000000000000000000 00001100011101110100101110011111 0000000000000000 0000000000110101 00010001 0000000000000000
00000000000000000000000000000000 00001100011101110100101110011111 0000000000000000 0000000000110101 00010001 0000000000000000
00000000000000000000000000000000 00001100011101110100101110011111 0000000000000000 0000000000110101 00010001 0000000000000000
11111111111111111111111111111111 00001100011101110100101111100100 0000000000000000 0000000000010110 00000110 0000001000000000
11111111111111111111111111111111 00000100110110101011111001100000 0000000000000000 0000000001010000 00000110 0000001000000000
00000000000000000000000000000000 00000100110110101011100100110011 1111111111111111 0000000001011000 00000110 0000001000000000
11111000011111011000000011110110 11111111111111111111111111111111 0000000000110101 0000001011101110 00010001 1111111111111111
11111111111111111111111111111111 00001100011101110100111010111111 1111111111111111 0000000001010000 00010001 1111111111111111
00000000000000000000000000000000 00001100011101110100101110011000 1111111111111111 0000010000000000 00000110 0000001000000000
11111111111111111111111111111111 00000100110110101011100100111101 0000010000000000 1111111111111111 00000110 0000001000000000
00000000000000000000000000000000 00001100011101110100101010100000 1111111111111111 0000000110111011 00010001 1111111111111111
11111111111111111111111111111111 00001100011101110100101111100100 0000000000000000 0000000000011001 00010001 0000000000000000
11100001011000101110110000010111 10000000000000000000000000000000 1111111111111111 0000000000000000 00000001 0000100000000000
11100001011000101110110000010111 11111111111111111111111111111111 1111111111111111 0000000000000000 00000001 0000100000000000
11111000011111011000011011011111 11110010011110111000101110001111 0101110111100000 0000000010100001 00010001 0000000000000000
00000000000000000000000000000000 00000100110110101011100100111101 0000010000000000 0000010000000000 00000110 0000001000000000
11100001011000101110000000000000 11100001011000101110111011111110 0000010000000000 0000000001010000 00000110 0000001000000000
00000000000000000000000000000000 00001100011101110100111011011011 0000000000000000 0001110111100000 00010001 0000000000000000
11111111111111111111111111111111 00001100011101110100101111100111 0000000000000000 0000000001111011 00000110 0000001000000000
11111111111111111111111111111111 00001100011101110100101111100111 0000000000000000 0000000001111011 00000110 0000001000000000
11111111111111111111111111111111 00000000000000000000000000000000 0000000000000000 1111111111111111 00000110 0000001000000000
11111111111111111111111111111111 11111111111111111111111111111111 1111111111111111 0000000001010000 00000110 0000001000000000
00000000000000000000000000000000 00000000000000000000000000000000 1111111111111111 0000000000000000 00000000 1111111111111111
10000000000000000000000000000000 00001100011101110100101111100111 0000000000000000 0000000001010000 00000110 0000001000000000
10000000000000000000000000000000 00001100011101110100101111100111 0000000000000000 0000000001010000 00000110 0000001000000000
10000000000000000000000000000000 00001100011101110100101111100111 0000000000000000 0000000001010000 00000110 0000001000000000
10000000000000000000000000000000 00001100011101110100101111100111 0000000000000000 0000000001010000 00000110 0000001000000000
10000000000000000000000000000000 00001100011101110100101111100111 0000000000000000 0000000001010000 00000110 0000001000000000
10000000000000000000000000000000 00001100011101110100101111100111 0000000000000000 0000000001010000 00000110 0000001000000000
10000000000000000000000000000000 00001100011101110100101111100111 0000000000000000 0000000001010000 00000110 0000001000000000
10000000000000000000000000000000 00001100011101110100101111100111 0000000000000000 0000000001010000 00000110 0000001000000000
10000000000000000000000000000000 00001100011101110100101111100111 0000000000000000 0000000001010000 00000110 0000001000000000
10000000000000000000000000000000 00001100011101110100101111100111 0000000000000000 0000000001010000 00000110 0000001000000000
10000000000000000000000000000000 00001100011101110100101111100111 0000000000000000 0000000001010000 00000110 0000001000000000
10000000000000000000000000000000 00001100011101110100101111100111 0000000000000000 0000000001010000 00000110 0000001000000000
10000000000000000000000000000000 00001100011101110100101111100111 0000000000000000 0000000001010000 00000110 0000001000000000
10000000000000000000000000000000 00001100011101110100101111100111 0000000000000000 0000000001010000 00000110 0000001000000000
10000000000000000000000000000000 00001100011101110100101111100111 0000000000000000 0000000001010000 00000110 0000001000000000
10000000000000000000000000000000 00001100011101110100101111100111 0000000000000000 0000000001010000 00000110 0000001000000000
10000000000000000000000000000000 00001100011101110100101111100111 0000000000000000 0000000001010000 00000110 0000001000000000
11100001011000101110011111111111 11100001011000101110111011111111 1111111111111111 0000000001010000 00000110 0000001000000000
11100001011000101110000000000000 11100001011000101110111011111110 0000010000000000 0000000001010000 00000110 0000001000000000
11100001111001100100101001000000 11100001111001100100111010110111 0000000001111011 0000000000110101 00010001 0000000000000000
11100001111001100100101001000000 11100001111001100100111010110111 0000000001111011 0000000000110101 00010001 0000000000000000
11111000011111111111111111111111 11111111111111111111111111111111 0000000000000000 1111111111111111 00000001 0001000100000000
11111111111111111111111111111111 11111111111111111111111111111111 1111111111111111 1111111111111111 00000110 0000001000000000
11111111111111111111111111111111 11111111111111111111111111111111 1111111111111111 1111111111111111 00000110 0000001000000000
00000000000000000000000000000000 00001100011101110100111011001111 1111111111111111 0000000000110101 00010001 0000000000000000
11100001011000101110000000000000 11111111111111111111111111111111 0000000000000000 0000000000000000 00000110 0000001000000000
11111111111111111111111111111111 00001100011101110100101110011111 0000000000000000 0000000000110101 00010001 1111111111111111
11111111111111111111111111111111 00111111111111111111111111111111 0000000001111011 1111111111111111 00010001 1111111111111111
11111000101101110000111001010001 11111111111111111111111111111111 0001110111100000 0000000000010110 00010001 0000000000000000
10000000000000000000000000000000 00001100011101110100101111100101 0000000000000000 0000000010100001 00000110 0000001000000000
00000000000000000000000000000000 00001100011101110100101110011100 1111111111111111 0000000000110101 00010001 1111111111111111
00000000000000000000000000000000 00001100011101110100111010111111 0000000000000000 0000000001010000 00010001 1111111111111111
11000000000000000000000000000000 10111100011110010100001101101011 1111111111111111 0000000001010000 00000110 1111111111111111
11111111111111111111111111111111 00001100011101110100101110000000 1111111111111111 0000000001011000 00010001 1111111111111111
00000000000000000000000000000000 00000000000000000000000000000000 0000000000000000 0000001011101110 00010001 0000000000000000
11111111111111111111111111111111 00001100011101110100111011011000 1111111111111111 0000000001101110 00000110 0000001000000000
00000000000000000000000000000000 11111111111111111111111111111111 0000000000000000 0000001011101110 00010001 0000000000000000
11111111111111111111111111111111 00000100110110101011111001101111 1111111111111111 0000000001010000 00000110 0000001000000000
11111111111111111111111111111111 00000100110110101011110111101001 0000000000000000 0000011111001111 00000110 0001000000000000
11111111111111111111111111111111 00001100011101110100101111000000 1111111111111111 0000000001010000 00000110 1111111111111111
11111111111111111111111111111111 11111111111111111111111111111111 0000000000000000 0000000000001101 00000110 0000001000000000
11111111111111111111111111111111 00001100011101110100111011011011 0000000000000000 0000000001101110 00000110 0000001000000000
11111111111111111111111111111111 00000000000000000000000000000000 1111111111111111 0000000001010000 00010001 0000000000000000
11111111111111111111111111111111 11111111111111111111111111111111 0000000001111011 1111111111111111 00010001 1111111111111111
11111111111111111111111111111111 00001100011101110100101111011111 1111111111111111 0000000001010000 00000110 1111111111111111
00000000000000000000000000000000 00000100110110101011110111101001 0000000000000000 0000011111001111 00000110 0001000000000000
11111111111111111111111111111111 00001100011101110100101110011011 0000000000000000 0000000000110101 00000110 0000001000000000
11111000011111011000100000000000 11111000011111011000010110110010 0000010000000000 0000001011101110 00000110 0000001000000000
10000000000000000000000000000000 00001100011101110100101111100100 1111111111111111 0000000000011001 00010001 0000000000000000
10000000000000000000000000000000 00001100011101110100101111100111 1111111111111111 0000001011101110 00000110 0000001000000000
11111000101101110000111001010001 00000000000000000000000000000000 0001110111100000 0000000000010110 00010001 0000000000000000
11111111111111111111111111111111 00001100011101110100111011011011 1111111111111111 0000000000010110 00000110 0000001000000000
11111000011111011000010010100100 10000000000000000000000000000000 0000000000110101 0000000000000000 00010001 1111111111111111
11100001011000101110011111111111 11100001011000101110111011111111 1111111111111111 0000000001010000 00000110 0000001000000000
11111000011111011000000011101000 00000000000000000000000000000000 0000000000000000 1111111111111111 11111111 1111111111111111
11111111111111111111111111111111 00000100110110101011100100110011 1111111111111111 0000000001011000 00000110 0000001000000000
11111000011111011000011011101001 11111111111111111111111111111111 0000001011101110 1111111111111111 00010001 1111111111111111
11100001011000101110111111001000 00000000000000000000000000000000 0001110111100000 0000000000000000 00010001 0000000000000000
00000000000000000000000000000000 11111111111111111111111111111111 0000000000000000 0000000000001101 00000110 0000001000000000
00000000000000000000000000000000 00001100011101110100101110011111 0000000000000000 0000000000110101 00000110 0000001000000000
11111111111111111111111111111111 10111100011110010100001101001100 1111111111111111 0001110111100000 00000110 0000001000000000
11111000011111011000011011011111 11110010011110111000101110001111 0101110111100000 0000000010100001 00010001 1111111111111111
11100001011000101110110000010111 10000000000000000000000000000000 1111111111111111 0000000000000000 00000001 0000100000000000
10000000000000000000000000000000 00001100011101110100101111100110 1111111111111111 0000001011101110 00000110 0000001000000000
00000000000000000000000000000000 00001100011101110100101010100000 0000000000000000 0000000110111011 00010001 0000000000000000
00000000000000000000000000000000 00001100011101110100111011100000 1111111111111111 0000000001000011 00010001 0000000000000000
11111000011111011000010010100100 10000000000000000000000000000000 0000000000110101 0000000000000000 00010001 0000000000000000
11111111111111111111111111111111 00001100011101110100101110011000 0000000000000000 0000000000011001 00000110 0000001000000000
11100001011000101110011111111111 00000000000000000000000000000000 1111111111111111 1111111111111111 00000110 0000001000000000
11111000011111011000000011111111 11111111111111111111111111111111 0000000000110101 1111111111111111 00010001 1111111111111111
00000000000000000000000000000000 00000100110110101011100110101111 0000000000000000 0001110111100001 00010001 1111111111111111
11111111111111111111111111111111 00001100011101110100111001110110 1111111111111111 0000001000100000 00000110 0000001000000000
11111111111111111111111111111111 11111111111111111111111111111111 1111111111111111 0000000001010000 00000110 0000001000000000
11111111111111111111111111111111 00001100011101110100101111100111 0000000000000000 0101110111100000 00000110 0000001000000000
11111111111111111111111111111111 00001100011101110100101111100100 1111111111111111 0000000000110101 00000110 0000001000000000
11111000011111011000100000000000 11111000011111011000010110110010 1111111111111111 0000001011101110 00000110 0000001000000000
11111000011111011000011011101011 11111111111111111111111111111111 0000000001000011 0000000000110101 00010001 1111111111111111
00000000000000000000000000000000 00001100011101110100111011100000 0000000000000000 0000000001000011 00010001 0000000000000000
11111000011111011000000011100100 11111111111111111111111111111111 0101110111100000 0000000000011001 00010001 1111111111111111
11111111111111111111111111111111 00001100011101110100101111100110 1111111111111111 0000000001010000 00000110 0000001000000000
00000000000000000000000000000000 00000000000000000000000000000000 1111111111111111 1111111111111111 00000110 0000001000000000
00000000000000000000000000000000 00000000000000000000000000000000 1111111111111111 1111111111111111 00000110 0000001000000000
00000000000000000000000000000000 00000000000000000000000000000000 1111111111111111 1111111111111111 00000110 0000001000000000
11111111111111111111111111111111 00001100011101110100101111100100 0000000000000000 0000000000110101 00000110 0000001000000000
11000000000000000000000000000000 10111100011110010100001101001100 1111111111111111 0001110111100000 00000110 0000001000000000
00000000000000000000000000000000 00111111111111111111111111111111 0000000001111011 0000000000000000 00010001 1111111111111111
11111000011111011000001000000000 00000000000000000000000000000000 1111111111111111 1111111111111111 00000110 0000001000000000
11111111111111111111111111111111 00000000000000000000000000000000 0000000001111011 1111111111111111 00010001 0000000000000000
11111000011111001111111111111111 11111111111111111111111111111111 0000000000000000 1111111111111111 00000110 0000001000000000
11111111111111111111111111111111 00001100011101110100101111100101 0000000000000000 0000000000010110 00010001 1111111111111111
11111000011111001111111111111111 00000000000000000000000000000000 1111111111111111 1111111111111111 00000110 0000001000000000
11111000011111011000001000000000 11111111111111111111111111111111 0000000000000000 1111111111111111 00000110 0000001000000000
00000000000000000000000000000000 00001100011101110100111000011101 1111111111111111 0000000000110101 00000110 0000001000000000
11111000011111011000000011111000 10000000000000000000000000000000 0000000000110101 1111111111111111 00010001 0000000000000000
11111000011111011000000011101111 11111111111111111111111111111111 0000000000000000 0000000000000000 00000000 0000000000000000
11100001111001100100101001001111 11100001111001100100111010110111 0000000001111011 0000000000110101 00010001 0000000000000000
00000000000000000000000000000000 00001100110100100111101010001100 0000000000000000 0000000001101110 00000110 0001000000000000
11100001011000101110011111111111 11100001011000101110111011111110 0000010000000000 0000000001010000 00000110 0000001000000000
10000000000000000000000000000000 00001100011101110100101111100100 1111111111111111 0000000001111011 00010001 1111111111111111
10000000000000000000000000000000 00001100011101110100101111100100 1111111111111111 0000000001111011 00010001 1111111111111111
11100001111001100100100000000000 11111111111111111111111111111111 0000000000000000 1111111111111111 00000110 0000001000000000
11100001011000101110111110100000 00000000000000000000000000000000 1111111111111111 0000000000000000 00000001 0000111100000000
11111000011111011000000011111111 11111111111111111111111111111111 0000000000110101 0000000000000000 00010001 0000000000000000
11111111111111111111111111111111 00001100011101110100101111100111 1111111111111111 0000000000011001 00010001 0000000000000000
11111111111111111111111111111111 00001100011101110100101111000000 0000000000000000 0000000001010000 00000110 1111111111111111
11100001011000101100000000000000 11111111111111111111111111111111 0000000000000000 1111111111111111 00000110 0000001000000000
11100001011000101110110000010110 10000000000000000000000000000000 1111111111111111 0000000000000000 00000001 0000100000000000
11100001011000101110110000010110 10000000000000000000000000000000 1111111111111111 0000000000000000 00000001 0000100000000000
11100001011000101110110000010110 10000000000000000000000000000000 1111111111111111 0000000000000000 00000001 0000100000000000
11111111111111111111111111111111 00001100011101110100111001101000 0000000000000000 0000000110111011 00000110 0000001000000000
10000000000000000000000000000000 00001100011101110100101111101111 0000000000000000 0000000001010000 00010001 0000000000000000
11111000011111011000001111111111 11111111111111111111111111111111 0000000000000000 0000000000000000 00000110 0000001000000000
11111000011111011000001111111111 11111111111111111111111111111111 0000000000000000 0000000000000000 00000110 0000001000000000
11111000011111011000001111111111 11111111111111111111111111111111 0000000000000000 0000000000000000 00000110 0000001000000000
11111000011111011000001111111111 11111111111111111111111111111111 0000000000000000 0000000000000000 00000110 0000001000000000
11111000011111011000001111111111 11111111111111111111111111111111 0000000000000000 0000000000000000 00000110 0000001000000000
11111000011111011000001111111111 11111111111111111111111111111111 0000000000000000 0000000000000000 00000110 0000001000000000
11111000011111011000001111111111 11111111111111111111111111111111 0000000000000000 0000000000000000 00000110 0000001000000000
11111000011111011000001111111111 11111111111111111111111111111111 0000000000000000 0000000000000000 00000110 0000001000000000
11111000011111011000001111111111 11111111111111111111111111111111 0000000000000000 0000000000000000 00000110 0000001000000000
11111111111111111111111111111111 00001100011101110100101111101000 0000000000000000 0000000001010000 00010001 0000000000000000
11100001111001100100100000000000 00000000000000000000000000000000 1111111111111111 0000000000000000 00000110 0000001000000000
00000000000000000000000000000000 01111111111111111111111111111111 1111111111111111 0000000000010110 00000110 0000001000000000
11111000011111011000011011101001 11111111111111111111111111111111 0000001011101110 1111111111111111 00010001 0000000000000000
11111000011111011000011011101001 11111111111111111111111111111111 0000001011101110 1111111111111111 00010001 0000000000000000
11111000011111011000011011101001 11111111111111111111111111111111 0000001011101110 1111111111111111 00010001 0000000000000000
11111000011111011000011011101001 11111111111111111111111111111111 0000001011101110 1111111111111111 00010001 0000000000000000
11111111111111111111111111111111 00001100011101110100101111100110 0000000000000000 0000001011101110 00000110 0000001000000000
11111111111111111111111111111111 00001100011101110100111011001111 0000000000000000 0000000000110101 00010001 1111111111111111
11111111111111111111111111111111 00001100011101110100111011011000 1111111111111111 0000000000010110 00010001 1111111111111111
11111111111111111111111111111111 00001100011101110100101111100100 1111111111111111 0000000000010110 00000110 0000001000000000
11111111111111111111111111111111 00001100011101110100101111100100 1111111111111111 0000000000010110 00000110 0000001000000000
11111111111111111111111111111111 00001100011101110100101111100100 1111111111111111 0000000000010110 00000110 0000001000000000
11111111111111111111111111111111 00001100011101110100101111100100 1111111111111111 0000000000010110 00000110 0000001000000000
11111111111111111111111111111111 00001100011101110100101111100100 1111111111111111 0000000000010110 00000110 0000001000000000
11111111111111111111111111111111 00001100011101110100101111100100 1111111111111111 0000000000010110 00000110 0000001000000000
11100001011000101110111111001000 00000000000000000000000000000000 0001110111100000 1111111111111111 00010001 1111111111111111
11111000011111011000011011011111 11110010011110111000101110000000 0101110111100000 0000000010100001 00010001 0000000000000000
11111111111111111111111111111111 00001100011101110100101111000000 1111111111111111 0000000001101110 00000110 0000001000000000
10000000000000000000000000000000 00001100011101110100101111100101 0000000000000000 0000000110111011 00000110 0000001000000000
11111111111111111111111111111111 00000100110110101011100100110000 0000000000000000 0000000001011000 00000110 0000001000000000
11100000000000000000000000000000 00000000000000000000000000000000 1111111111111111 1111111111111111 00000110 0000010000000000
11100000000000000000000000000000 00000000000000000000000000000000 1111111111111111 1111111111111111 00000110 0000010000000000
11100000000000000000000000000000 00000000000000000000000000000000 1111111111111111 1111111111111111 00000110 0000010000000000
11100000000000000000000000000000 00000000000000000000000000000000 1111111111111111 1111111111111111 00000110 0000010000000000
11100000000000000000000000000000 00000000000000000000000000000000 1111111111111111 1111111111111111 00000110 0000010000000000
11100000000000000000000000000000 00000000000000000000000000000000 1111111111111111 1111111111111111 00000110 0000010000000000
11111000000000000000000000000000 00000000000000000000000000000000 0000000000000000 0000000000000000 00000001 0001000100000000
11100001011000101110000000000000 11100001011000101110111011111110 1111111111111111 0000000001010000 00000110 0000001000000000
01111111111111111111111111111111 11111000011111011000010101100000 1111111111111111 0000000000010110 00010001 0000000000000000
00000000000000000000000000000000 00001100011101110100101110011100 1111111111111111 0000000001111011 00000110 0000001000000000
11111111111111111111111111111111 00001100011101110100101110011111 0000000000000000 0000000000110101 00000110 0000001000000000
00000000000000000000000000000000 11111111111111111111111111111111 0000000001111011 0000000000000000 00010001 0000000000000000
11111111111111111111111111111111 00001100011101110100111011011001 1111111111111111 0000010000000000 00000110 0000001000000000
11100001011000101100000000000000 00000000000000000000000000000000 0000000000000000 1111111111111111 00000110 0000001000000000
11111111111111111111111111111111 00001100011101110100111011011011 0000000000000000 1001110001000000 00000110 0000001000000000
00000000000000000000000000000000 00000000000000000000000000000000 0000000001111011 0000000000000000 00010001 0000000000000000
10000000000000000000000000000000 00001100011101110100101111100100 1111111111111111 0000000000010110 00000110 0000001000000000
11111000011111000000000000000000 00000000000000000000000000000000 0000000000000000 1111111111111111 00000110 0000001000000000
00000000000000000000000000000000 00001100011101110100111010000000 1111111111111111 0000000001010000 00010001 0000000000000000
00000000000000000000000000000000 00001100011101110100111011011001 0000000000000000 0000000001101110 00000110 0000001000000000
11100001011000101110111111001000 11111111111111111111111111111111 0001110111100000 1111111111111111 00010001 1111111111111111
11111111111111111111111111111111 00001100011101110100111001110110 0000000000000000 0000001000100000 00000110 0000001000000000
00000000000000000000000000000000 00001100011101110100111001110110 1111111111111111 0000001000100000 00000110 0000001000000000
11111000000000000000000000000000 00000000000000000000000000000000 1111111111111111 1111111111111111 00000001 0001000100000000
11111000011111011000011011011111 11110010011110111000101110000000 0101110111100000 0000000010100001 00010001 1111111111111111
11111111111111111111111111111111 00001100011101110100101010111111 0000000000000000 0000000110111011 00010001 1111111111111111
11111111111111111111111111111111 00001100011101110100111011011011 1111111111111111 0001110111100000 00010001 1111111111111111
11111000011111000000000000000000 00000000000000000000000000000000 1111111111111111 1111111111111111 00000110 0000001000000000
11100001011000101101111111111111 00000000000000000000000000000000 0000000000000000 0000000000000000 00000110 0000001000000000
11111111111111111111111111111111 00001100011101110100101110011010 1111111111111111 0000000000110101 00000110 0000001000000000
11111111111111111111111111111111 00001100011101110100101111000000 0000000000000000 0000000001101110 00000110 0000001000000000
11100001111001100100100111111111 00000000000000000000000000000000 1111111111111111 1111111111111111 00000110 0000001000000000
11100001011000101110000000000000 11100001011000101110111011111111 1111111111111111 0000000001010000 00000110 0000001000000000
11111111111111111111111111111111 00001100011101110100111000011101 1111111111111111 0000000000110101 00000110 0000001000000000
11111111111111111111111111111111 11111111111111111111111111111111 1111111111111111 0000000001010000 00010001 0000000000000000
00000000000000000000000000000000 00001100011101110100111011011000 1111111111111111 0000000000010110 00010001 1111111111111111
11111111111111111111111111111111 00001100011101110100101111100100 0000000000000000 0000000000011001 00010001 1111111111111111
00000000000000000000000000000000 00001100011101110100111011000011 1111111111111111 0000000000110101 00000110 0000001000000000
10000000000000000000000000000000 00001100011101110100101110011000 1111111111111111 0000000000011001 00000110 0000001000000000
10000000000000000000000000000000 00001100011101110100101111101111 0000000000000000 0000000001010000 00010001 1111111111111111
11111000000000000000000000000000 11111111111111111111111111111111 1111111111111111 0000000000000000 00000001 0001000100000000
00000000000000000000000000000000 00001100011101110100101110001111 0000000000000000 0000000001011000 00010001 1111111111111111
11111000011111011000000011110110 11000000000000000000000000000000 0000000000110101 0000001011101110 00010001 0000000000000000
11111111111111111111111111111111 00001100011101110100111011011011 1111111111111111 1001110001000000 00000110 0000001000000000
11100001011000101110111111011111 11100001011000101110111111011111 0000001011101110 0000000001111011 00010001 0000000000000000
11100001011000101110111110100000 11111111111111111111111111111111 0000000000000000 1111111111111111 00000110 0000000000000000
11111000101101110000111000110110 00000000000000000000000000000000 0101110111100000 0101110111100000 00010001 0000000000000000
11100001011000101110111110100000 11111111111111111111111111111111 1111111111111111 0000000000000000 00000001 0000111100000000
10000000000000000000000000000000 00001100011101110100101111000000 0000000000000000 0000000001010000 00000110 0000000000000000
10000000000000000000000000000000 00001100011101110100101111000000 0000000000000000 0000000001010000 00000110 0000000000000000
11111000011111011000001111111111 11111111111111111111111111111111 1111111111111111 0000000000000000 00000110 0000001000000000
11111111111111111111111111111111 00001100011101110100101111100100 1111111111111111 0000000001111011 00010001 0000000000000000
00000000000000000000000000000000 00001100011101110100111011001111 1111111111111111 0000000000110101 00010001 0000000000000000
11111111111111111111111111111111 00001100011101110100101110011100 0000000000000000 0000000000110101 00010001 1111111111111111
00000000000000000000000000000000 00001100011101110100111011011001 0000000000000000 0000000001101110 00000110 0000001000000000
11111000011111011000000011111000 11111111111111111111111111111111 0000000000110101 1111111111111111 00010001 1111111111111111
11111111111111111111111111111111 00001100011101110100101111100101 1111111111111111 0000000010100001 00000110 0000001000000000
00000000000000000000000000000000 00001100011101110100111010000000 0000000000000000 0000000001010000 00010001 0000000000000000
00000000000000000000000000000000 00001100011101110100101110011111 0000000000000000 0000000000110101 00000110 0000001000000000
11111000011111011000000011110110 11000000000000000000000000000000 0000000000110101 0000001011101110 00010001 0000000000000000
11111000011111011000000011110110 11000000000000000000000000000000 0000000000110101 0000001011101110 00010001 0000000000000000
11100001011000101110111101011101 11111111111111111111111111111111 0000000001000011 1111111111111111 00010001 0000000000000000
11100001011000101110111101011101 11111111111111111111111111111111 0000000001000011 0000000000000000 00010001 1111111111111111
00000000000000000000000000000000 00001100011101110100111011011011 0000000000000000 1111111111111111 00000110 0000001000000000
10000000000000000000000000000000 00001100011101110100101111100110 0000000000000000 0000000001010000 00000110 0000001000000000
11111000011111011000000011111000 10000000000000000000000000000000 0000000000110101 0000000000000000 00010001 1111111111111111
11100000111111111111111111111111 10000000000000000000000000000000 1111111111111111 1111111111111111 00000001 0001000100000000
11111000011111011000001000000000 00000000000000000000000000000000 1111111111111111 0000000000000000 00000110 0000001000000000
00000000000000000000000000000000 00001100011101110100101110011011 0000000001011000 0000000001101110 00010001 1111111111111111
11111111111111111111111111111111 00001100011101110100111011011001 0000010000000000 1111111111111111 00000110 0000001000000000
11111111111111111111111111111111 00001100011101110100111011011001 0000010000000000 1111111111111111 00000110 0000001000000000
00000000000000000000000000000000 00000100110110101011110111101001 0000000000000000 0000011111001111 00000110 0001000000000000
11111000011111011000000011101000 11111111111111111111111111111111 1111111111111111 0000000000000000 11111111 1111111111111111
11000000000000000000000000000000 00000000000000000000000000000000 0000000000000000 0000000001010000 00000110 0000001000000000
11111111111111111111111111111111 10111100011110010100001101101011 1111111111111111 0000000001010000 00000110 0000000000000000
11111111111111111111111111111111 00001100011101110100111011011001 1111111111111111 0000000001101110 00000110 0000001000000000
11111000011111001111111111111111 11111111111111111111111111111111 0000000000000000 1111111111111111 00000110 0000001000000000
11111111111111111111111111111111 00001100110100100111101010001101 0000000000000000 0000000001101110 00000110 0001000000000000
00000000000000000000000000000000 00001100011101110100111001101011 0000000000000000 0000000110111011 00000110 0000001000000000
10000000000000000000000000000000 00001100011101110100101111100101 0000000000000000 0000000000010110 00010001 1111111111111111
11111111111111111111111111111111 00001100011101110100111011011001 1111111111111111 0000000000010110 00010001 1111111111111111
11111111111111111111111111111111 00000100110110101011110111101001 1111111111111111 0000011111001111 00000110 0001000000000000
11111000011111011000000011100011 11111111111111111111111111111111 0000000001111011 0000000000000000 00010001 1111111111111111
11111111111111111111111111111111 00000000000000000000000000000000 0000000000000000 0000000000100101 00000110 0000001000000000
11100001111001100100101001001111 11100001111001100100111010110000 0000000001111011 0000000000110101 00010001 1111111111111111
11100001011000101110111111010000 11100001011000101110111111011111 0000001011101110 0000000001111011 00010001 0000000000000000
11111111111111111111111111111111 00001100011101110100101110011011 0000000000000000 0000000000110101 00000110 0000001000000000
11100001011000101110111111010000 11100001011000101110111111000000 0000001011101110 0000000001111011 00010001 1111111111111111
11111111111111111111111111111111 00001100011101110100101110011000 0000000000000000 0000000000011001 00000110 0000001000000000
10000000000000000000000000000000 00001100011101110100101111100100 1111111111111111 0000000000110101 00000110 0000001000000000
11111111111111111111111111111111 00001100011101110100101110011000 0000010000000000 0000010000000000 00000110 0000001000000000
11000000000000000000000000000000 10111100011110010100001101101011 0000000000000000 0000000001010000 00000110 1111111111111111
00000000000000000000000000000000 00001100011101110100111000011101 0000000000000000 0000000000110101 00000110 0000001000000000
11100001111001100100100111111111 11111111111111111111111111111111 0000000000000000 0000000000000000 00000110 0000001000000000
11111111111111111111111111111111 00000100110110101011100100111100 0000010000000000 1111111111111111 00000110 0000001000000000
11111111111111111111111111111111 00001100011101110100101110011111 0000000000000000 0000000000110101 00000110 0000001000000000
11111111111111111111111111111111 00001100011101110100111000100000 1111111111111111 0000100000111001 00000110 0000001000000000
10000000000000000000000000000000 00001100011101110100101111100110 0000000000000000 0000000001010000 00000110 0000001000000000
11100001111001100100101001001111 11100001111001100100111010110111 0000000001111011 0000000000110101 00010001 0000000000000000
11111000011111011000000011100011 11111111111111111111111111111111 0000000001111011 0000000000000000 00010001 1111111111111111
11111000011111011000000011100011 11111111111111111111111111111111 0000000001111011 0000000000000000 00010001 1111111111111111
11111000000000000000000000000000 11111111111111111111111111111111 0000000000000000 0000000000000000 00000001 0001000100000000
00000000000000000000000000000000 00001100011101110100111011011001 0000010000000000 1111111111111111 00000110 0000001000000000
10000000000000000000000000000000 00001100011101110100101111100101 0000000000000000 0000000000010110 00010001 0000000000000000
11100001111001100100100111111111 11111111111111111111111111111111 1111111111111111 1111111111111111 00000110 0000001000000000
11111111111111111111111111111111 00001100011101110100101110011011 0000000001011000 0000000001101110 00010001 1111111111111111
11100000111111111111111111111111 10000000000000000000000000000000 0000000000000000 1111111111111111 00000001 0001000100000000
11100001011000101110111110100000 00000000000000000000000000000000 0000000000000000 0000000000000000 00000000 1111111111111111
11111000011111011000000011111111 11111111111111111111111111111111 0000000000110101 1111111111111111 00010001 0000000000000000
11100001011000101110111111001000 00000000000000000000000000000000 0001110111100000 1111111111111111 00010001 0000000000000000
11000000000000000000000000000000 00000000000000000000000000000000 0000000000000000 0000000001010000 00000110 0000001000000000
11111000011111011000010010100100 11111111111111111111111111111111 0000000000110101 0000000000000000 00010001 1111111111111111
11111000011111011000010010100100 11111111111111111111111111111111 0000000000110101 0000000000000000 00010001 1111111111111111
00000000000000000000000000000000 00001100011101110100111001101000 1111111111111111 0000000110111011 00000110 0000001000000000
00000000000000000000000000000000 00001100011101110100111001101000 1111111111111111 0000000110111011 00000110 0000001000000000
10000000000000000000000000000000 00001100011101110100101111000000 0000000000000000 0000000001101110 00000110 0000001000000000
11111111111111111111111111111111 00001100011101110100101111100110 1111111111111111 0000000001010000 00000110 0000001000000000
11111111111111111111111111111111 11111111111111111111111111111111 0000000000000000 0000000001010000 00010001 1111111111111111
11111111111111111111111111111111 00001100011101110100111000100000 1111111111111111 0000100000111001 00000110 0000001000000000
11111000011111011000010010100100 11111111111111111111111111111111 0000000000110101 1111111111111111 00010001 1111111111111111
11100000000000000000000000000000 10000000000000000000000000000000 1111111111111111 1111111111111111 00000001 0001000100000000
10000000000000000000000000000000 00001100011101110100101111000000 0000000000000000 0000000001010000 00000110 0000000000000000
11100001011000101110111111010000 11100001011000101110111111011111 0000001011101110 0000000001111011 00010001 1111111111111111
11000000000000000000000000000000 10111100011110010100001101101011 0000000000000000 0000000000010110 00000110 0000001000000000
00000000000000000000000000000000 00000000000000000000000000000000 1111111111111111 0000000001101110 00010001 1111111111111111
10000000000000000000000000000000 00001100011101110100101111100100 1111111111111111 0000000000011001 00010001 1111111111111111
00000000000000000000000000000000 11111111111111111111111111111111 0000000001111011 0000000000000000 00010001 0000000000000000
00000000000000000000000000000000 11111111111111111111111111111111 0000000001111011 0000000000000000 00010001 0000000000000000
00000000000000000000000000000000 11111111111111111111111111111111 0000000001111011 0000000000000000 00010001 0000000000000000
00000000000000000000000000000000 11111111111111111111111111111111 0000000001111011 0000000000000000 00010001 0000000000000000
00000000000000000000000000000000 11111111111111111111111111111111 0000000001111011 0000000000000000 00010001 0000000000000000
00000000000000000000000000000000 11111111111111111111111111111111 0000000001111011 0000000000000000 00010001 0000000000000000
00000000000000000000000000000000 11111111111111111111111111111111 0000000001111011 0000000000000000 00010001 0000000000000000
00000000000000000000000000000000 11111111111111111111111111111111 0000000001111011 0000000000000000 00010001 0000000000000000
00000000000000000000000000000000 11111111111111111111111111111111 0000000001111011 0000000000000000 00010001 0000000000000000
00000000000000000000000000000000 00001100011101110100111011011011 0000000000000000 1001110001000000 00000110 0000001000000000
11111111111111111111111111111111 00001100011101110100111001101000 1111111111111111 0000000110111011 00000110 0000001000000000
00000000000000000000000000000000 00001100110100100111101010001100 0000000000000000 0000000001101110 00000110 0001000000000000
11111000011111011000010010100100 10000000000000000000000000000000 0000000000110101 1111111111111111 00010001 1111111111111111
11111000011111011000001111111111 11111111111111111111111111111111 1111111111111111 1111111111111111 00000110 0000001000000000
00000000000000000000000000000000 00001100110100100111101010001101 0000000000000000 0000000001101110 00000110 0001000000000000
11111111111111111111111111111111 00001100011101110100101111100110 0000000000000000 0000000001010000 00000110 0000001000000000
10000000000000000000000000000000 00001100011101110100101111100111 1111111111111111 0000000001111011 00000110 0000001000000000
11111111111111111111111111111111 00000100110110101011100100111100 1111111111111111 0000010000000000 00000110 0000001000000000
11111111111111111111111111111111 00001100011101110100101110011111 1111111111111111 0000000000110101 00000110 0000001000000000
11111000011111011000000011100100 00000000000000000000000000000000 0101110111100000 0000000000011001 00010001 0000000000000000
11100001011000101110110100001101 00000000000000000000000000000000 0000000001111011 1111111111111111 00010001 1111111111111111
11111111111111111111111111111111 00001100011101110100111011000010 1111111111111111 0000000000110101 00000110 0000001000000000
00000000000000000000000000000000 00000100110110101011110111111110 0000000000000000 0000000001000011 00000110 0000000000000000
11111000011111111111111111111111 00000000000000000000000000000000 1111111111111111 0000000000000000 00000001 0001000100000000
11100001011000101110111111001000 00000000000000000000000000000000 0001110111100000 1111111111111111 00010001 1111111111111111
11100001011000101110111111001000 00000000000000000000000000000000 0001110111100000 1111111111111111 00010001 1111111111111111
11100001011000101110111111001000 00000000000000000000000000000000 0001110111100000 1111111111111111 00010001 1111111111111111
11100001011000101110111111001000 00000000000000000000000000000000 0001110111100000 1111111111111111 00010001 1111111111111111
11100001011000101110111111001000 00000000000000000000000000000000 0001110111100000 1111111111111111 00010001 1111111111111111
11100001011000101110111111001000 00000000000000000000000000000000 0001110111100000 1111111111111111 00010001 1111111111111111
00000000000000000000000000000000 00001100011101110100111011011011 1111111111111111 0000000001101110 00000110 0000001000000000
11111111111111111111111111111111 11111111111111111111111111111111 0000000000000000 0000000001010000 00000110 0000001000000000
11111111111111111111111111111111 00001100011101110100111011000010 0000000000000000 0000000000110101 00000110 0000001000000000
11111111111111111111111111111111 00001100011101110100111011000010 0000000000000000 0000000000110101 00000110 0000001000000000
11111111111111111111111111111111 00001100011101110100111011000010 0000000000000000 0000000000110101 00000110 0000001000000000
11111111111111111111111111111111 00001100011101110100111011000010 0000000000000000 0000000000110101 00000110 0000001000000000
11111111111111111111111111111111 00001100011101110100111011000010 0000000000000000 0000000000110101 00000110 0000001000000000
11111111111111111111111111111111 00001100011101110100111011000010 0000000000000000 0000000000110101 00000110 0000001000000000
11111111111111111111111111111111 00001100011101110100101110011000 0000000000000000 0000000000011001 00000110 0000001000000000
00000000000000000000000000000000 00001100011101110100111011011011 0000000000000000 0001110111100000 00010001 1111111111111111
11111000011111011000000011100100 00000000000000000000000000000000 0101110111100000 0000000000011001 00010001 0000000000000000
11100001011000101110111111011111 11100001011000101110111111000000 0000001011101110 0000000001111011 00010001 1111111111111111
00000000000000000000000000000000 00000000000000000000000000000000 1111111111111111 0000000000100101 00000110 0000001000000000
11111111111111111111111111111111 00001100011101110100101111100111 0000000000000000 0101110111100000 00000110 0000001000000000
11111000011111011000100000000000 11111000011111011000010110110010 0000010000000000 0000001011101110 00000110 0000001000000000
11111000011111011000000011101111 11111000011111011000000011100000 0000000001111011 0000000001111011 00010001 0000000000000000
11111000011111011000000011101111 11111000011111011000000011100000 0000000001111011 0000000001111011 00010001 0000000000000000
11000000000000000000000000000000 10111100011110010100001101101011 0000000000000000 0000000001010000 00000110 1111111111111111
11111000011111011000000011101000 00000000000000000000000000000000 1111111111111111 0000000000000000 00000000 0000000000000000
11111000000000000000000000000000 11111111111111111111111111111111 0000000000000000 1111111111111111 00000001 0001000100000000
00000000000000000000000000000000 00001100110100100111101010001100 0000000000000000 0000000001101110 00000110 0001000000000000
00000000000000000000000000000000 00001100110100100111101010001100 0000000000000000 0000000001101110 00000110 0001000000000000
11111111111111111111111111111111 00001100011101110100101111100111 0000000000000000 0000001011101110 00000110 0000001000000000
11111111111111111111111111111111 00001100011101110100101111100111 0000000000000000 0000001011101110 00000110 0000001000000000
11100000111111111111111111111111 11111111111111111111111111111111 0000000000000000 1111111111111111 00000001 0001000100000000
00100111000001001010110111001100 11111111111111111111111111111111 0000000000000000 1111111111111111 00000001 1111111111111111
10000000000000000000000000000000 00001100011101110100101111000000 1111111111111111 0000000001010000 00000110 1111111111111111
11100001011000101110111111001000 11111111111111111111111111111111 0001110111100000 1111111111111111 00010001 0000000000000000
11111111111111111111111111111111 00001100011101110100111011010000 1111111111111111 0000000000010110 00010001 1111111111111111
11111000011111111111111111111111 11111111111111111111111111111111 0000000000000000 0000000000000000 00000001 0001000100000000
00000000000000000000000000000000 00001100011101110100111011100000 0000000000000000 0000000001000011 00010001 0000000000000000
00000000000000000000000000000000 00001100011101110100101110011011 0000000001011000 0000000001101110 00010001 0000000000000000
11100001011000101110000000000000 11100001011000101110111011111111 0000010000000000 0000000001010000 00000110 0000001000000000
11100001011000101110000000000000 11100001011000101110111011111111 1111111111111111 0000000001010000 00000110 0000001000000000
11000000000000000000000000000000 10111100011110010100001101001100 0000000000000000 0001110111100000 00000110 0000001000000000
11111000011111011000011011011111 11110010011110111000101110001111 0101110111100000 0000000010100001 00010001 0000000000000000
10000000000000000000000000000000 00001100011101110100101111101111 1111111111111111 0000000001010000 00010001 1111111111111111
11111000011111011000011011101011 11111111111111111111111111111111 0000000001000011 0000000000110101 00010001 0000000000000000
11111000011111011000011011101011 11111111111111111111111111111111 0000000001000011 0000000000110101 00010001 0000000000000000
11111000011111011000011011101011 11111111111111111111111111111111 0000000001000011 0000000000110101 00010001 0000000000000000
11111111111111111111111111111111 00001100011101110100101111100110 0000000000000000 0000000001111011 00000110 0000001000000000
11111000011111011000011011101001 00000000000000000000000000000000 0000001011101110 0000000000000000 00010001 1111111111111111
11100001011000101110111101011101 00000000000000000000000000000000 0000000001000011 0000000000000000 00010001 1111111111111111
11100001011000101110111110100000 00000000000000000000000000000000 0000000000000000 1111111111111111 00000110 1111111111111111
11111000101101110000111000110111 00000000000000000000000000000000 0101110111100000 0101110111100000 00010001 0000000000000000
00000000000000000000000000000000 00001100011101110100111011000011 1111111111111111 0000000000110101 00000110 0000001000000000
11100001011000101110110100001101 11111111111111111111111111111111 0000000001111011 0000000000000000 00010001 1111111111111111
11000000000000000000000000000000 10111100011110010100001101001100 1111111111111111 0001110111100000 00000110 0000001000000000
11111000011111011000010010100100 11111111111111111111111111111111 0000000000110101 0000000000000000 00010001 1111111111111111
00000000000000000000000000000000 00001100011101110100101010111111 1111111111111111 0000000110111011 00010001 0000000000000000
11111111111111111111111111111111 00001100011101110100101111100101 0000000000000000 0000000010100001 00000110 0000001000000000
11111000011111000000000000000000 11111111111111111111111111111111 0000000000000000 0000000000000000 00000110 0000001000000000
11111000011111011000000011100011 00000000000000000000000000000000 0000000001111011 1111111111111111 00010001 0000000000000000
11111111111111111111111111111111 00001100011101110100111011011001 0000000000000000 0000000000010110 00010001 0000000000000000
11111111111111111111111111111111 00001100011101110100111011011001 0000000000000000 0000000000010110 00010001 0000000000000000
11111000011111011000011011101001 00000000000000000000000000000000 0000001011101110 0000000000000000 00010001 1111111111111111
11111111111111111111111111111111 01111111111111111111111111111111 0000000000000000 0000000000010110 00000110 0000001000000000
00000000000000000000000000000000 00000000000000000000000000000000 0000000001111011 1111111111111111 00010001 1111111111111111
00000000000000000000000000000000 00000100110110101011100110101111 0000000000000000 0001110111100001 00010001 0000000000000000
11111111111111111111111111111111 00001100011101110100101111100100 0000000000000000 0000000000110101 00000110 0000001000000000
11111111111111111111111111111111 00001100011101110100101111100100 0000000000000000 0000000000110101 00000110 0000001000000000
11111111111111111111111111111111 00001100011101110100101110011111 0000000000000000 0000000001111011 00000110 0000001000000000
11111111111111111111111111111111 00001100011101110100101110011111 0000000000000000 0000000001111011 00000110 0000001000000000
11111111111111111111111111111111 00001100011101110100101110011111 0000000000000000 0000000001111011 00000110 0000001000000000
